 # E_nu [MeV]:   10.079454858851342     
 # zone, r [cm], rho [g/cm^3], T [MeV], Ye, mu_e [MeV],   mu_hat [MeV], Yh, Ya, Yp, Yn, dU [MeV], em_nue [1/s], 1/l_nue[1/cm], em_anue [1/s], 1/l_anue [1/cm], R, Rbar, B_IS_nu [1/cm], R0_n, R1_n, R0_p, R1_p                                                                                               
     1    5.47000000E+0005    3.73000000E+0014    1.20400000E+0001    3.13400000E-0001    2.49508948E+0002    6.01555296E+0001    0.00000000E+0000    0.00000000E+0000    3.13400000E-0001    6.86600000E-0001    1.72593380E+0001    2.06720504E+0005    2.62201299E-0012    8.04487025E-0003    3.76511107E-0006    1.01031132E+0000    9.24987405E-0001    1.84486621E-0004    9.99369075E-0001    1.00283247E+0000    9.99360603E-0001    9.99873849E-0001
     2    7.02300000E+0005    3.33800000E+0014    1.19100000E+0001    3.07300000E-0001    2.38752549E+0002    5.85830726E+0001    0.00000000E+0000    0.00000000E+0000    3.07300000E-0001    6.92700000E-0001    1.87712369E+0001    2.06549468E+0005    4.82047933E-0012    1.45223678E-0002    3.76199591E-0006    1.01031132E+0000    9.24987405E-0001    1.73929905E-0004    9.99369075E-0001    1.00283247E+0000    9.99360603E-0001    9.99873849E-0001
     3    8.15800000E+0005    3.00000000E+0014    1.18600000E+0001    3.02000000E-0001    2.28926439E+0002    5.69118076E+0001    0.00000000E+0000    0.00000000E+0000    3.02000000E-0001    6.98000000E-0001    1.99546248E+0001    2.15300014E+0005    9.41409725E-0012    2.81596248E-0002    3.92137430E-0006    1.01031132E+0000    9.24987405E-0001    1.65038582E-0004    9.99369075E-0001    1.00283247E+0000    9.99360603E-0001    9.99873849E-0001
     4    9.07300000E+0005    2.68700000E+0014    1.18100000E+0001    2.96700000E-0001    2.19204883E+0002    5.51648005E+0001    0.00000000E+0000    0.00000000E+0000    2.96700000E-0001    7.03299990E-0001    2.09141059E+0001    2.25203156E+0005    1.82665403E-0011    5.42474369E-0002    4.10174557E-0006    1.01031132E+0000    9.24987405E-0001    1.56136521E-0004    9.99369075E-0001    1.00283247E+0000    9.99360603E-0001    9.99873849E-0001
     5    9.85000000E+0005    2.35200000E+0014    1.31800000E+0001    2.89000000E-0001    2.07118186E+0002    6.16687769E+0001    3.48757522E-0003    1.27396620E-0004    8.30717549E-0002    2.44538788E-0001    2.59626160E+0001    7.76567022E+0004    9.89468409E-0011    3.50898083E-0001    1.41440343E-0006    1.01031132E+0000    9.24987405E-0001    7.99095998E-0005    9.99369075E-0001    1.00283247E+0000    9.99360603E-0001    9.99873849E-0001
     6    1.05600000E+0006    1.92800000E+0014    1.72100000E+0001    2.77100000E-0001    1.88615486E+0002    5.61427594E+0001    7.63483657E-0003    1.79727839E-0003    2.22956734E-0001    6.08813168E-0001    2.38798806E+0001    6.46206684E+0005    1.89494707E-0008    9.61462987E+0001    1.17699813E-0005    1.01031132E+0000    9.24987405E-0001    1.50059733E-0004    9.99369075E-0001    1.00283247E+0000    9.99360603E-0001    9.99873849E-0001
     7    1.14000000E+0006    1.20700000E+0014    2.79500000E+0001    2.62900000E-0001    1.47010456E+0002    6.34382149E+0001    4.14486599E-0003    5.70457530E-0003    2.40869422E-0001    7.07543175E-0001    2.22728075E+0001    1.40492092E+0006    3.53980715E-0006    2.82821717E+0004    2.56908277E-0005    1.01031132E+0000    9.24987405E-0001    1.40086094E-0004    9.99369075E-0001    1.00283247E+0000    9.99360603E-0001    9.99873849E-0001
     8    1.25500000E+0006    7.22100000E+0013    3.61700000E+0001    2.45700000E-0001    1.02725311E+0002    6.91709403E+0001    6.45628493E-0004    3.10186544E-0003    2.37852430E-0001    7.45906156E-0001    1.68976007E+0001    1.28415777E+0006    2.31987529E-0005    2.24605366E+0005    2.41535640E-0005    1.01031132E+0000    9.24987405E-0001    9.54812273E-0005    9.99369075E-0001    1.00283247E+0000    9.99360603E-0001    9.99873849E-0001
     9    1.39200000E+0006    5.58100000E+0013    3.70800000E+0001    2.17200000E-0001    8.14350689E+0001    7.45027925E+0001    2.68586126E-0004    1.86016753E-0003    2.12801644E-0001    7.78209346E-0001    1.52466849E+0001    9.25805291E+0005    3.48104634E-0005    3.50134954E+0005    1.78448304E-0005    1.01031132E+0000    9.24987405E-0001    7.56278236E-0005    9.99369075E-0001    1.00283247E+0000    9.99360603E-0001    9.99873849E-0001
    10    1.52600000E+0006    5.34300000E+0013    3.37600000E+0001    1.72300000E-0001    7.44336076E+0001    8.30137561E+0001    2.37372759E-0004    1.44933522E-0003    1.68838042E-0001    8.23945213E-0001    1.69541112E+0001    6.18448307E+0005    3.72531395E-0005    3.57118506E+0005    1.19850316E-0005    1.01031132E+0000    9.24987405E-0001    7.22050935E-0005    9.99369075E-0001    1.00283247E+0000    9.99360603E-0001    9.99873849E-0001
    11    1.64000000E+0006    5.67200000E+0013    2.85800000E+0001    1.29700000E-0001    7.38468475E+0001    8.88492688E+0001    3.39565483E-0004    1.20248793E-0003    1.26544579E-0001    8.66502519E-0001    1.99622118E+0001    3.84641126E+0005    3.22870666E-0005    2.75121589E+0005    7.38312317E-0006    1.01031132E+0000    9.24987405E-0001    7.47746553E-0005    9.99369075E-0001    1.00283247E+0000    9.99360603E-0001    9.99873849E-0001
    12    1.73800000E+0006    5.79200000E+0013    2.39200000E+0001    1.04400000E-0001    7.38499899E+0001    8.77708662E+0001    5.09236115E-0004    1.00477521E-0003    1.01302896E-0001    8.91331920E-0001    2.15682326E+0001    2.43222198E+0005    2.33571817E-0005    1.71276288E+0005    4.60941990E-0006    1.01031132E+0000    9.24987405E-0001    7.36401295E-0005    9.99369075E-0001    1.00283247E+0000    9.99360603E-0001    9.99873849E-0001
    13    1.82500000E+0006    5.45200000E+0013    2.05400000E+0001    9.08000000E-0002    7.19473506E+0001    8.29025526E+0001    6.44118936E-0004    8.79995743E-0004    8.76826502E-0002    9.04465726E-0001    2.11946037E+0001    1.65960060E+0005    1.64167002E-0005    1.03948053E+0005    3.11981933E-0006    1.01031132E+0000    9.24987405E-0001    6.73847249E-0005    9.99369075E-0001    1.00283247E+0000    9.99360603E-0001    9.99873849E-0001
    14    1.90300000E+0006    4.89200000E+0013    1.79200000E+0001    8.06800000E-0002    6.83296044E+0001    7.73458638E+0001    7.37507171E-0004    7.87612513E-0004    7.75637209E-0002    9.14256174E-0001    1.98565716E+0001    1.15965740E+0005    1.20682791E-0005    6.59197117E+0004    2.17076658E-0006    1.01031132E+0000    9.24987405E-0001    5.92944669E-0005    9.99369075E-0001    1.00283247E+0000    9.99360603E-0001    9.99873849E-0001
    15    1.96900000E+0006    4.39600000E+0013    1.55300000E+0001    7.04200000E-0002    6.43954415E+0001    7.20435094E+0001    8.47581832E-0004    6.84342625E-0004    6.72925272E-0002    9.24099426E-0001    1.85827350E+0001    7.76366653E+0004    8.81387048E-0006    4.03307157E+0004    1.44755839E-0006    1.01031132E+0000    9.24987405E-0001    5.19976429E-0005    9.99369075E-0001    1.00283247E+0000    9.99360603E-0001    9.99873849E-0001
    16    2.02600000E+0006    3.88000000E+0013    1.35700000E+0001    6.23900000E-0002    6.02424351E+0001    6.67551085E+0001    9.61504413E-0004    6.21594342E-0004    5.91600193E-0002    9.31615488E-0001    1.70019452E+0001    5.28797261E+0004    6.58992407E-0006    2.49326153E+0004    9.83334484E-0007    1.01031132E+0000    9.24987405E-0001    4.49883834E-0005    9.99369075E-0001    1.00283247E+0000    9.99360603E-0001    9.99873849E-0001
    17    2.07600000E+0006    3.27400000E+0013    1.21400000E+0001    6.00000000E-0002    5.68937791E+0001    6.07037819E+0001    1.07175029E-0003    6.73469849E-0004    5.64401008E-0002    9.33342696E-0001    1.47461323E+0001    4.14871026E+0004    4.83331593E-0006    1.53207705E+0004    7.69961207E-0007    1.01031132E+0000    9.24987405E-0001    3.79228432E-0005    9.99369075E-0001    1.00283247E+0000    9.99360603E-0001    9.99873849E-0001
    18    2.12300000E+0006    2.61000000E+0013    1.12500000E+0001    6.00000000E-0002    5.27483283E+0001    5.52517277E+0001    1.01889107E-0003    7.86463397E-0004    5.63237664E-0002    9.33462656E-0001    1.20435863E+0001    3.61240091E+0004    4.13673198E-0006    1.15211425E+0004    6.71747917E-0007    1.01031132E+0000    9.24987405E-0001    3.09779926E-0005    9.99369075E-0001    1.00283247E+0000    9.99360603E-0001    9.99873849E-0001
    19    2.16900000E+0006    1.98500000E+0013    1.08000000E+0001    6.00000000E-0002    4.74910473E+0001    5.08736382E+0001    7.17615524E-0004    8.56203198E-0004    5.68048791E-0002    9.34914339E-0001    9.38123612E+0000    3.33484614E+0004    4.36125799E-0006    1.13685488E+0004    6.25412909E-0007    1.01031132E+0000    9.24987405E-0001    2.45617068E-0005    9.99369075E-0001    1.00283247E+0000    9.99360603E-0001    9.99873849E-0001
    20    2.21900000E+0006    1.47700000E+0013    1.06000000E+0001    6.00000000E-0002    4.19450413E+0001    4.72872609E+0001    4.14566495E-0004    8.39756306E-0004    5.74623172E-0002    9.36457679E-0001    7.12884896E+0000    3.13349118E+0004    5.05880756E-0006    1.29468275E+0004    5.97635721E-0007    1.01031132E+0000    9.24987405E-0001    1.90589801E-0005    9.99369075E-0001    1.00283247E+0000    9.99360603E-0001    9.99873849E-0001
    21    2.27100000E+0006    1.14300000E+0013    1.02100000E+0001    6.05400000E-0002    3.79895964E+0001    4.37146756E+0001    2.74128988E-0004    8.33292555E-0004    5.83027591E-0002    9.36602027E-0001    5.58514475E+0000    2.85774804E+0004    5.08731267E-0006    1.22892017E+0004    5.53223928E-0007    1.01031132E+0000    9.24987405E-0001    1.51128548E-0005    9.99369075E-0001    1.00283247E+0000    9.99360603E-0001    9.99873849E-0001
    22    2.32200000E+0006    9.46700000E+0012    9.32300000E+0000    6.00000000E-0002    3.59138978E+0001    3.99344245E+0001    2.78284208E-0004    9.22637526E-0004    5.75749907E-0002    9.36952672E-0001    4.66665161E+0000    2.36943775E+0004    4.12003674E-0006    8.24997012E+0003    4.58796627E-0007    1.01031132E+0000    9.24987405E-0001    1.25790176E-0005    9.99369075E-0001    1.00283247E+0000    9.99360603E-0001    9.99873849E-0001
    23    2.37200000E+0006    7.66600000E+0012    8.60400000E+0000    6.00000000E-0002    3.35915642E+0001    3.64707950E+0001    2.60396744E-0004    1.01081477E-0003    5.74348219E-0002    9.36867115E-0001    3.80848097E+0000    2.00074263E+0004    3.49753570E-0006    5.87173319E+0003    3.89128207E-0007    1.01031132E+0000    9.24987405E-0001    1.02709669E-0005    9.99369075E-0001    1.00283247E+0000    9.99360603E-0001    9.99873849E-0001
    24    2.42000000E+0006    6.27000000E+0012    7.89200000E+0000    6.00000000E-0002    3.16262971E+0001    3.32815640E+0001    2.59570794E-0004    1.14385695E-0003    5.71691487E-0002    9.36614326E-0001    3.13314348E+0000    1.67094807E+0004    2.90456795E-0006    3.95671417E+0003    3.25771939E-0007    1.01031132E+0000    9.24987405E-0001    8.44809582E-0006    9.99369075E-0001    1.00283247E+0000    9.99360603E-0001    9.99873849E-0001
    25    2.46600000E+0006    5.07300000E+0012    7.31800000E+0000    6.00000000E-0002    2.95177177E+0001    3.04937909E+0001    2.37451165E-0004    1.25896936E-0003    5.69831574E-0002    9.36490534E-0001    2.54803493E+0000    1.41355304E+0004    2.54892814E-0006    2.86204414E+0003    2.77550076E-0007    1.01031132E+0000    9.24987405E-0001    6.88582424E-0006    9.99369075E-0001    1.00283247E+0000    9.99360603E-0001    9.99873849E-0001
    26    2.51100000E+0006    4.09300000E+0012    6.83100000E+0000    6.00000000E-0002    2.74662901E+0001    2.80243415E+0001    2.06771862E-0004    1.35749048E-0003    5.68482270E-0002    9.36433862E-0001    2.06859774E+0000    1.20551593E+0004    2.30616207E-0006    2.15016677E+0003    2.39197625E-0007    1.01031132E+0000    9.24987405E-0001    5.59727365E-0006    9.99369075E-0001    1.00283247E+0000    9.99360603E-0001    9.99873849E-0001
    27    2.55500000E+0006    3.28000000E+0012    6.45600000E+0000    6.00000000E-0002    2.53547798E+0001    2.59066245E+0001    1.67840895E-0004    1.40991914E-0003    5.68233240E-0002    9.36500871E-0001    1.66697223E+0000    1.03966881E+0004    2.19914772E-0006    1.75857097E+0003    2.10013385E-0007    1.01031132E+0000    9.24987405E-0001    4.52214903E-0006    9.99369075E-0001    1.00283247E+0000    9.99360603E-0001    9.99873849E-0001
    28    2.59700000E+0006    2.61700000E+0012    6.16100000E+0000    6.00000000E-0002    2.32736666E+0001    2.40488644E+0001    1.26365500E-0004    1.39825506E-0003    5.69326559E-0002    9.36701730E-0001    1.33677164E+0000    9.02980924E+0003    2.16367578E-0006    1.52967785E+0003    1.87268534E-0007    1.01031132E+0000    9.24987405E-0001    3.63711637E-0006    9.99369075E-0001    1.00283247E+0000    9.99360603E-0001    9.99873849E-0001
    29    2.63900000E+0006    2.08400000E+0012    5.93900000E+0000    6.00100000E-0002    2.12435145E+0001    2.24538251E+0001    8.75576640E-0005    1.31199354E-0003    5.71963185E-0002    9.37025861E-0001    1.07045028E+0000    7.84430971E+0003    2.17718906E-0006    1.41415380E+0003    1.68908475E-0007    1.01031132E+0000    9.24987405E-0001    2.91832007E-0006    9.99369075E-0001    1.00283247E+0000    9.99360603E-0001    9.99873849E-0001
    30    2.68100000E+0006    1.65100000E+0012    5.78900000E+0000    6.00100000E-0002    1.92274075E+0001    2.10778767E+0001    5.17106062E-0005    1.11456545E-0003    5.76668929E-0002    9.37565539E-0001    8.51740018E-0001    6.78573154E+0003    2.22231543E-0006    1.39503982E+0003    1.54195064E-0007    1.01031132E+0000    9.24987405E-0001    2.32873505E-0006    9.99369075E-0001    1.00283247E+0000    9.99360603E-0001    9.99873849E-0001
    31    2.72400000E+0006    1.29900000E+0012    5.70300000E+0000    6.00000000E-0002    1.71871337E+0001    1.99529034E+0001    2.86306508E-0005    8.74192599E-0004    5.81873848E-0002    9.38146877E-0001    6.73156251E-0001    5.71244004E+0003    2.27348545E-0006    1.46160182E+0003    1.40106125E-0007    1.01031132E+0000    9.24987405E-0001    1.84407488E-0006    9.99369075E-0001    1.00283247E+0000    9.99360603E-0001    9.99873849E-0001
    32    2.76700000E+0006    1.01900000E+0012    5.61800000E+0000    6.50200000E-0002    1.59064952E+0001    1.84569669E+0001    1.84432480E-0005    7.74577640E-0004    6.34281920E-0002    9.33366500E-0001    5.24063909E-0001    5.19820467E+0003    2.06714408E-0006    1.33643045E+0003    1.35255251E-0007    1.01031132E+0000    9.24987405E-0001    1.45254906E-0006    9.99369075E-0001    1.00283247E+0000    9.99360603E-0001    9.99873849E-0001
    33    2.81100000E+0006    7.94800000E+0011    5.58400000E+0000    7.36200000E-0002    1.49402118E+0001    1.68833683E+0001    1.12290749E-0005    6.53262409E-0004    7.22863704E-0002    9.25036958E-0001    4.01728033E-0001    4.94523651E+0003    1.79070588E-0006    1.19438439E+0003    1.35681517E-0007    1.01031132E+0000    9.24987405E-0001    1.13631694E-0006    9.99369075E-0001    1.00283247E+0000    9.99360603E-0001    9.99873849E-0001
    34    2.85700000E+0006    6.18200000E+0011    5.58100000E+0000    8.30100000E-0002    1.39024186E+0001    1.55309026E+0001    6.39945245E-0006    4.96244117E-0004    8.20013585E-0002    9.15978410E-0001    3.06465080E-0001    4.53356102E+0003    1.55362648E-0006    1.10399194E+0003    1.32774692E-0007    1.01031132E+0000    9.24987405E-0001    8.85699114E-0007    9.99369075E-0001    1.00283247E+0000    9.99360603E-0001    9.99873849E-0001
    35    2.90600000E+0006    4.77200000E+0011    5.62000000E+0000    9.53000000E-0002    1.29047396E+0001    1.42497821E+0001    3.44461549E-0006    3.41837344E-0004    9.46072102E-0002    9.04007087E-0001    2.30111810E-0001    4.11454315E+0003    1.31918131E-0006    1.03117984E+0003    1.29277251E-0007    1.01031132E+0000    9.24987405E-0001    6.84449973E-0007    9.99369075E-0001    1.00283247E+0000    9.99360603E-0001    9.99873849E-0001
    36    2.95700000E+0006    3.66500000E+0011    5.66100000E+0000    1.12700000E-0001    1.21156590E+0001    1.28565413E+0001    1.94835252E-0006    2.30338851E-0004    1.12233941E-0001    8.86834685E-0001    1.69417465E-0001    3.79596623E+0003    1.07606352E-0006    9.16495271E+0002    1.26620118E-0007    1.01031132E+0000    9.24987405E-0001    5.25551773E-0007    9.99369075E-0001    1.00283247E+0000    9.99360603E-0001    9.99873849E-0001
    37    3.01300000E+0006    2.79800000E+0011    5.74300000E+0000    1.32200000E-0001    1.11711120E+0001    1.16446493E+0001    9.72716743E-0007    1.31439197E-0004    1.31934346E-0001    8.67535068E-0001    1.22931865E-0001    3.34297532E+0003    8.77328834E-0007    8.47689765E+0002    1.20230326E-0007    1.01031132E+0000    9.24987405E-0001    4.00847848E-0007    9.99369075E-0001    1.00283247E+0000    9.99360603E-0001    9.99873849E-0001
    38    3.07400000E+0006    2.10500000E+0011    5.85500000E+0000    1.57900000E-0001    1.02087453E+0001    1.03837724E+0001    5.13054855E-0007    7.33118086E-0005    1.57751871E-0001    8.41952423E-0001    8.60835215E-0002    2.89273866E+0003    6.93521260E-0007    7.75431648E+0002    1.12574021E-0007    1.01031132E+0000    9.24987405E-0001    3.00924740E-0007    9.99369075E-0001    1.00283247E+0000    9.99360603E-0001    9.99873849E-0001
    39    3.14200000E+0006    1.56500000E+0011    5.97700000E+0000    1.90100000E-0001    9.23516947E+0000    9.04982838E+0000    2.69487265E-0007    3.79191522E-0005    1.90023375E-0001    8.09823701E-0001    5.80003319E-0002    2.45558130E+0003    5.32397774E-0007    6.92338225E+0002    1.03600171E-0007    1.01031132E+0000    9.24987405E-0001    2.23004691E-0007    9.99369075E-0001    1.00283247E+0000    9.99360603E-0001    9.99873849E-0001
    40    3.22100000E+0006    1.15700000E+0011    6.06800000E+0000    2.23200000E-0001    8.16264797E+0000    7.81931117E+0000    1.33969402E-0007    1.81773670E-0005    2.23163253E-0001    7.76763435E-0001    3.82898590E-0002    1.97090267E+0003    4.04807246E-0007    6.07587969E+0002    9.12396240E-0008    1.01031132E+0000    9.24987405E-0001    1.64274379E-0007    9.99369075E-0001    1.00283247E+0000    9.99360603E-0001    9.99873849E-0001
    41    3.31300000E+0006    8.42300000E+0010    6.13800000E+0000    2.60800000E-0001    7.08393661E+0000    6.54768640E+0000    6.37944062E-0008    8.25314061E-0006    2.60783310E-0001    7.39183398E-0001    2.41349127E-0002    1.53130333E+0003    2.98532817E-0007    5.12719187E+0002    7.81001617E-0008    1.01031132E+0000    9.24987405E-0001    1.19079957E-0007    9.99369075E-0001    1.00283247E+0000    9.99360603E-0001    9.99873849E-0001
    42    3.42400000E+0006    6.06700000E+0010    6.14700000E+0000    3.00300000E-0001    6.05425222E+0000    5.28747420E+0000    2.61271147E-0008    3.70043754E-0006    3.00292505E-0001    6.99692581E-0001    1.45235460E-0002    1.14817692E+0003    2.15045282E-0007    4.10637523E+0002    6.47966256E-0008    1.01031132E+0000    9.24987405E-0001    8.53756696E-0008    9.99369075E-0001    1.00283247E+0000    9.99360603E-0001    9.99873849E-0001
    43    3.55900000E+0006    4.37000000E+0010    6.07900000E+0000    3.29900000E-0001    5.03783946E+0000    4.35927423E+0000    1.77653797E-0008    1.74550702E-0006    3.29896451E-0001    6.70096492E-0001    8.93419864E-0003    8.06326761E+0002    1.56212733E-0007    3.22717836E+0002    5.10698140E-0008    1.01031132E+0000    9.24987405E-0001    6.12797091E-0008    9.99369075E-0001    1.00283247E+0000    9.99360603E-0001    9.99873849E-0001
    44    3.72500000E+0006    3.14100000E+0010    5.93000000E+0000    3.60300000E-0001    4.22849420E+0000    3.43109935E+0000    1.27903866E-0008    8.65978802E-0007    3.60298227E-0001    6.39698256E-0001    5.28839237E-0003    5.63364152E+0002    1.11812187E-0007    2.38440482E+0002    4.00325794E-0008    1.01031132E+0000    9.24987405E-0001    4.38853404E-0008    9.99369075E-0001    1.00283247E+0000    9.99360603E-0001    9.99873849E-0001
    45    3.93100000E+0006    2.25300000E+0010    5.71400000E+0000    3.89000000E-0001    3.56456785E+0000    2.59011922E+0000    7.14975193E-0010    4.59332594E-0007    3.88999083E-0001    6.10999077E-0001    3.03013951E-0003    3.86479815E+0002    7.95514429E-0008    1.68764645E+0002    3.10672994E-0008    1.01031132E+0000    9.24987405E-0001    3.13694447E-0008    9.99369075E-0001    1.00283247E+0000    9.99360603E-0001    9.99873849E-0001
    46    4.18500000E+0006    1.62900000E+0010    5.44200000E+0000    4.06800000E-0001    3.00298926E+0000    2.05541309E+0000    2.42616949E-0009    2.94444521E-0007    4.06799401E-0001    5.93199411E-0001    7.08572084E-0005    2.55165898E+0002    5.78084049E-0008    1.18196745E+0002    2.35809620E-0008    1.01031132E+0000    9.24987405E-0001    2.26323515E-0008    9.99369075E-0001    1.00283247E+0000    9.99360603E-0001    9.99873849E-0001
    47    4.49800000E+0006    1.18200000E+0010    5.13700000E+0000    4.19800000E-0001    2.53751559E+0000    1.66058880E+0000    0.00000000E+0000    1.96100849E-0007    4.19799616E-0001    5.80199605E-0001    5.09943258E-0005    1.64561762E+0002    4.23514210E-0008    8.12230476E+0001    1.77738746E-0008    1.01031132E+0000    9.24987405E-0001    1.63960787E-0008    9.99369075E-0001    1.00283247E+0000    9.99360603E-0001    9.99873849E-0001
    48    4.87700000E+0006    8.66000000E+0009    4.80100000E+0000    4.39200000E-0001    2.22933145E+0000    1.16824059E+0000    0.00000000E+0000    1.40492432E-0007    4.39199721E-0001    5.60799717E-0001    3.75871063E-0005    1.08041580E+0002    3.08725782E-0008    5.31785490E+0001    1.37934016E-0008    1.01031132E+0000    9.24987405E-0001    1.19842747E-0008    9.99369075E-0001    1.00283247E+0000    9.99360603E-0001    9.99873849E-0001
    49    5.32000000E+0006    6.55300000E+0009    4.44500000E+0000    4.51700000E-0001    2.02939455E+0000    8.55871663E-0001    2.70332749E-0009    1.41227582E-0007    4.51699722E-0001    5.48299701E-0001    2.98785717E-0005    7.08070150E+0001    2.34304889E-0008    3.47259006E+0001    1.08871469E-0008    1.01031132E+0000    9.24987405E-0001    9.05461003E-0009    9.99369075E-0001    1.00283247E+0000    9.99360603E-0001    9.99873849E-0001
    50    5.82600000E+0006    4.99500000E+0009    4.09400000E+0000    4.66400000E-0001    1.88392061E+0000    5.44879256E-0001    0.00000000E+0000    1.57145289E-0007    4.66399688E-0001    5.33599695E-0001    2.41937812E-0005    4.61089822E+0001    1.78389644E-0008    2.20498209E+0001    8.72270708E-0009    1.01031132E+0000    9.24987405E-0001    6.88940976E-0009    9.99369075E-0001    1.00283247E+0000    9.99360603E-0001    9.99873849E-0001
    51    6.37900000E+0006    3.90900000E+0009    3.75600000E+0000    4.78000000E-0001    1.79377981E+0000    3.24313353E-0001    6.51274054E-0010    2.06513427E-0007    4.77999592E-0001    5.21999579E-0001    2.05928262E-0005    3.01160972E+0001    1.40309554E-0008    1.39713309E+0001    7.14857093E-0009    1.01031132E+0000    9.24987405E-0001    5.38385135E-0009    9.99369075E-0001    1.00283247E+0000    9.99360603E-0001    9.99873849E-0001
    52    6.95700000E+0006    3.11900000E+0009    3.44400000E+0000    4.87000000E-0001    1.73122274E+0000    1.72738574E-0001    0.00000000E+0000    3.06317144E-0007    4.86999384E-0001    5.12999393E-0001    1.81253430E-0005    1.97193452E+0001    1.13682568E-0008    8.89449749E+0000    5.98071002E-0009    1.01031132E+0000    9.24987405E-0001    4.29103100E-0009    9.99369075E-0001    1.00283247E+0000    9.99360603E-0001    9.99873849E-0001
    53    7.53000000E+0006    2.55100000E+0009    3.16300000E+0000    4.93600000E-0001    1.69678784E+0000    7.47814491E-0002    3.92188373E-0009    5.14521954E-0007    4.93598959E-0001    5.06398965E-0001    1.65661877E-0005    1.33425164E+0001    9.71107311E-0009    5.83952917E+0000    5.23140321E-0009    1.01031132E+0000    9.24987405E-0001    3.50673795E-0009    9.99369075E-0001    1.00283247E+0000    9.99360603E-0001    9.99873849E-0001
    54    8.06800000E+0006    2.13700000E+0009    2.91700000E+0000    4.97100000E-0001    1.67646454E+0000    2.79657610E-0002    0.00000000E+0000    9.33725394E-0007    4.97098135E-0001    5.02898138E-0001    1.56311714E-0005    9.75214800E+0000    9.12210392E-0009    4.16815433E+0000    4.97331266E-0009    1.01031132E+0000    9.24987405E-0001    2.93636042E-0009    9.99369075E-0001    1.00283247E+0000    9.99360603E-0001    9.99873849E-0001
    55    8.54700000E+0006    1.83200000E+0009    2.71000000E+0000    4.98500000E-0001    1.66057866E+0000    1.07421550E-0002    1.36938008E-0009    1.62886319E-0006    4.98496739E-0001    5.01496739E-0001    1.50127163E-0005    8.15368751E+0000    9.83385972E-0009    3.43107817E+0000    5.38283258E-0009    1.01031132E+0000    9.24987405E-0001    2.51683194E-0009    9.99369075E-0001    1.00283247E+0000    9.99360603E-0001    9.99873849E-0001
    56    8.95100000E+0006    1.61000000E+0009    2.54400000E+0000    4.98700000E-0001    1.65125495E+0000    8.04042896E-0003    1.47166585E-0009    2.61767990E-0006    4.98694759E-0001    5.01294763E-0001    1.47108072E-0005    3.75219309E+0000    5.74573683E-0009    1.56278389E+0000    3.13754355E-0009    1.01031132E+0000    9.24987405E-0001    2.21178186E-0009    9.99369075E-0001    1.00283247E+0000    9.99360603E-0001    9.99873849E-0001
    57    9.27500000E+0006    1.45000000E+0009    2.41200000E+0000    4.97700000E-0001    1.64654806E+0000    1.73134182E-0002    3.88699321E-0009    5.33821443E-0006    4.97689314E-0001    5.02289314E-0001    1.47173305E-0005    3.51792860E+0000    6.66621358E-0009    1.45013030E+0000    3.62995415E-0009    1.01031132E+0000    9.24987405E-0001    1.99220189E-0009    9.99369075E-0001    1.00283247E+0000    9.99360603E-0001    9.99873849E-0001
    58    9.52600000E+0006    1.33400000E+0009    2.31200000E+0000    4.96900000E-0001    1.63892809E+0000    2.40086069E-0002    3.47449800E-0009    6.76215450E-0006    4.96886467E-0001    5.03086468E-0001    1.45883870E-0005    2.52750512E+0000    5.73926356E-0009    1.03821608E+0000    3.11318611E-0009    1.01031132E+0000    9.24987405E-0001    1.83299645E-0009    9.99369075E-0001    1.00283247E+0000    9.99360603E-0001    9.99873849E-0001
    59    9.71300000E+0006    1.25200000E+0009    2.23700000E+0000    4.96000000E-0001    1.63610126E+0000    3.13249222E-0002    5.21233436E-0009    1.21130079E-0005    4.95975759E-0001    5.03975763E-0001    1.47809770E-0005    1.96878627E+0000    5.17352399E-0009    8.05243918E-0001    2.79497961E-0009    1.01031132E+0000    9.24987405E-0001    1.72047785E-0009    9.99369075E-0001    1.00283247E+0000    9.99360603E-0001    9.99873849E-0001
    60    9.84900000E+0006    1.19700000E+0009    2.18300000E+0000    4.95300000E-0001    1.63771157E+0000    3.67164262E-0002    5.47151947E-0009    1.61178755E-0005    4.95267745E-0001    5.04667757E-0001    1.49817128E-0005    1.65444000E+0000    4.85178855E-0009    6.72292381E-0001    2.61310936E-0009    1.01031132E+0000    9.24987405E-0001    1.64501354E-0009    9.99369075E-0001    1.00283247E+0000    9.99360603E-0001    9.99873849E-0001
    61    9.94500000E+0006    1.15500000E+0009    2.14200000E+0000    4.94800000E-0001    1.63535504E+0000    4.03216940E-0002    6.88918580E-0009    1.81614964E-0005    4.94763652E-0001    5.05163668E-0001    1.50081056E-0005    1.44729556E+0000    4.63690601E-0009    5.86910150E-0001    2.49181375E-0009    1.01031132E+0000    9.24987405E-0001    1.58737875E-0009    9.99369075E-0001    1.00283247E+0000    9.99360603E-0001    9.99873849E-0001
    62    1.00200000E+0007    1.00000000E+0009    2.02500000E+0000    4.94300000E-0001    1.58105536E+0000    4.21916222E-0002    6.82509759E-0009    3.83571577E-0005    4.94223258E-0001    5.05623280E-0001    1.49886910E-0005    9.30587622E-0001    3.99042173E-0009    3.91314464E-0001    2.13811957E-0009    1.01031132E+0000    9.24987405E-0001    1.37432819E-0009    9.99369075E-0001    1.00283247E+0000    9.99360603E-0001    9.99873849E-0001
    63    1.00900000E+0007    7.25100000E+0008    1.75500000E+0000    4.94000000E-0001    1.50894715E+0000    3.86896156E-0002    3.31295461E-0008    1.80390485E-0004    4.93639122E-0001    5.05639150E-0001    1.80435569E-0005    3.07320289E-0001    2.89270619E-0009    1.34304987E-0001    1.54627419E-0009    1.01031132E+0000    9.24987405E-0001    9.95996831E-0010    9.99369075E-0001    1.00283247E+0000    9.99360603E-0001    9.99873849E-0001
    64    1.01800000E+0007    5.01300000E+0008    1.40100000E+0000    4.93600000E-0001    1.56851803E+0000    3.50823962E-0002    1.39876940E-0006    1.11603520E-0002    4.71275091E-0001    4.84076397E-0001    2.79050043E-0004    5.03782299E-0002    1.88609766E-0009    1.90527046E-0002    1.00469140E-0009    1.01031132E+0000    9.24987405E-0001    6.58372824E-0010    9.99369075E-0001    1.00283247E+0000    9.99360603E-0001    9.99873849E-0001
    65    1.02800000E+0007    3.38000000E+0008    1.10300000E+0000    4.93300000E-0001    1.59864376E+0000    5.87175185E-0002    8.88918658E-0006    1.21708564E-0001    2.49852556E-0001    2.63257669E-0001    2.53560184E-0003    2.56121557E-0003    6.35734151E-0010    8.48227648E-0004    3.29152560E-0010    1.01031132E+0000    9.24987405E-0001    2.38605168E-0010    9.99369075E-0001    1.00283247E+0000    9.99360603E-0001    9.99873849E-0001
    66    1.04300000E+0007    2.28100000E+0008    9.34700000E-0001    4.93200000E-0001    1.46952647E+0000    1.32541002E-0001    1.09918665E-0005    1.96524628E-0001    1.00107481E-0001    1.13709529E-0001    3.58395740E-0003    1.11188191E-0004    1.70726990E-0010    4.80047320E-0005    8.08979143E-0011    1.01031132E+0000    9.24987405E-0001    6.72546636E-0011    9.99369075E-0001    1.00283247E+0000    9.99360603E-0001    9.99873849E-0001
    67    1.06600000E+0007    1.59600000E+0008    8.19100000E-0001    4.93100000E-0001    1.33329952E+0000    2.75576581E-0001    3.18316433E-0004    2.27132880E-0001    3.66168115E-0002    4.99596714E-0002    3.76826273E-0003    5.51831616E-0006    5.42273436E-0011    3.82763776E-0006    2.11504776E-0011    1.01031132E+0000    9.24987405E-0001    1.91600665E-0011    9.99369075E-0001    1.00283247E+0000    9.99360603E-0001    9.99873849E-0001
    68    1.10100000E+0007    1.23200000E+0008    7.26800000E-0001    4.93300000E-0001    1.27630183E+0000   -1.02523682E-0001    3.03567629E-0003    2.08846206E-0001    1.58421632E-0002    1.88333259E-0002    5.47925976E-0003    3.94358865E-0007    1.68799430E-0011    2.68393733E-0007    7.75306378E-0012    1.01031132E+0000    9.24987405E-0001    5.89919062E-0012    9.99369075E-0001    1.00283247E+0000    9.99360603E-0001    9.99873849E-0001
    69    1.15100000E+0007    1.08800000E+0008    7.08700000E-0001    4.93400000E-0001    1.20757120E+0000   -2.55972288E-0001    3.87577994E-0003    1.99145329E-0001    1.46885832E-0002    1.33040425E-0002    5.90122305E-0003    6.39055667E-0008    2.51912043E-0012    3.09890102E-0008    1.97389816E-0012    1.01031132E+0000    9.24987405E-0001    4.17059942E-0012    9.99369075E-0001    1.00283247E+0000    9.99360603E-0001    9.99873849E-0001
    70    1.21800000E+0007    1.01400000E+0008    6.98900000E-0001    4.93600000E-0001    1.17013925E+0000   -2.88227636E-0001    3.84184722E-0003    1.96681021E-0001    1.35090979E-0002    1.02427322E-0002    5.95920000E-0003    9.77044307E-0008    4.72052673E-0012    5.02732906E-0008    3.89322185E-0012    1.01031132E+0000    9.24987405E-0001    3.28010185E-0012    9.99369075E-0001    1.00283247E+0000    9.99360603E-0001    9.99873849E-0001
    71    1.30700000E+0007    9.24300000E+0007    6.85800000E-0001    4.93900000E-0001    1.12269285E+0000   -4.19945058E-0001    3.97189025E-0003    1.91936488E-0001    1.28484345E-0002    7.95945840E-0003    6.09900506E-0003    6.94612107E-0008    3.89167521E-0012    3.38339661E-0008    3.92002436E-0012    1.01031132E+0000    9.24987405E-0001    2.60346489E-0012    9.99369075E-0001    1.00283247E+0000    9.99360603E-0001    9.99873849E-0001
    72    1.42000000E+0007    8.26100000E+0007    6.69300000E-0001    4.94200000E-0001    1.06866871E+0000   -8.00815984E-0001    4.88555873E-0003    1.79597732E-0001    1.42747031E-0002    7.17935003E-0003    6.56332084E-0003    3.77337794E-0008    1.84717701E-0012    1.21924001E-0008    3.33699659E-0012    1.01031132E+0000    9.24987405E-0001    2.38473752E-0012    9.99369075E-0001    1.00283247E+0000    9.99360603E-0001    9.99873849E-0001
    73    1.56100000E+0007    7.25700000E+0007    6.49500000E-0001    4.94600000E-0001    1.01250434E+0000   -1.29512758E+0000    6.08872444E-0003    1.63524835E-0001    1.60221781E-0002    4.84967196E-0003    7.13530338E-0003    2.41827186E-0008    9.29609655E-0013    4.27072197E-0009    3.72833672E-0012    1.01031132E+0000    9.24987405E-0001    2.01179533E-0012    9.99369075E-0001    1.00283247E+0000    9.99360603E-0001    9.99873849E-0001
    74    1.73400000E+0007    6.27200000E+0007    6.26700000E-0001    4.94900000E-0001    9.55359680E-0001   -1.82851143E+0000    7.55804014E-0003    1.43850467E-0001    1.73293439E-0002    1.04742129E-0003    7.80795899E-0003    1.42118867E-0008    4.24568687E-0013    1.23420281E-0009    4.28840825E-0012    1.01031132E+0000    9.24987405E-0001    1.49661596E-0012    9.99369075E-0001    1.00283247E+0000    9.99360603E-0001    9.99873849E-0001
    75    1.94300000E+0007    5.34900000E+0007    6.01400000E-0001    4.95300000E-0001    8.98434688E-0001   -2.38083438E+0000    9.36128986E-0003    1.19396581E-0001    1.89222481E-0002    8.06873066E-0004    8.62839518E-0003    5.87871115E-0009    1.37160406E-0013    2.27922698E-0010    3.92407563E-0012    1.01031132E+0000    9.24987405E-0001    1.36741963E-0012    9.99369075E-0001    1.00283247E+0000    9.99360603E-0001    9.99873849E-0001
    76    2.19300000E+0007    4.51300000E+0007    5.74300000E-0001    4.95700000E-0001    8.44856907E-0001   -3.10347855E+0000    1.15627172E-0002    8.93147888E-0002    2.19241762E-0002    1.00835674E-0004    9.53037605E-0003    2.35770655E-0009    3.23802571E-0014    2.76279152E-0011    3.93000736E-0012    1.01031132E+0000    9.24987405E-0001    1.28184183E-0012    9.99369075E-0001    1.00283247E+0000    9.99360603E-0001    9.99873849E-0001
    77    2.48800000E+0007    3.77500000E+0007    5.46300000E-0001    4.96100000E-0001    7.93098892E-0001   -3.61368906E+0000    1.32251674E-0002    6.70844548E-0002    2.13749373E-0002    6.67188651E-0005    1.00493444E-0002    6.82318139E-0010    7.85398662E-0015    3.11906089E-0012    3.19959610E-0012    1.01031132E+0000    9.24987405E-0001    1.04362507E-0012    9.99369075E-0001    1.00283247E+0000    9.99360603E-0001    9.99873849E-0001
    78    2.83300000E+0007    3.13900000E+0007    5.18100000E-0001    4.96400000E-0001    7.45377967E-0001   -4.17213501E+0000    1.51360206E-0002    4.14139501E-0002    2.10480691E-0002    8.44806047E-0006    1.05987643E-0002    1.77874541E-0010    1.52943783E-0015    2.56436609E-0013    2.62431545E-0012    1.01031132E+0000    9.24987405E-0001    8.51907185E-0013    9.99369075E-0001    1.00283247E+0000    9.99360603E-0001    9.99873849E-0001
    79    3.23700000E+0007    2.59800000E+0007    4.90400000E-0001    4.96800000E-0001    7.00668057E-0001   -4.63289180E+0000    1.62120222E-0002    2.66686972E-0002    1.87512071E-0002    3.96901955E-0006    1.06677299E-0002    3.75811148E-0011    2.79634588E-0016    1.81696252E-0014    1.93490346E-0012    1.01031132E+0000    9.24987405E-0001    6.28006143E-0013    9.99369075E-0001    1.00283247E+0000    9.99360603E-0001    9.99873849E-0001
    80    3.70700000E+0007    2.14300000E+0007    4.63500000E-0001    4.97100000E-0001    6.58878956E-0001   -5.03069432E+0000    1.70365115E-0002    1.50279156E-0002    1.58323389E-0002    5.45686728E-0007    1.05832474E-0002    6.76459657E-0012    4.77186570E-0017    1.10412138E-0015    1.34774976E-0012    1.01031132E+0000    9.24987405E-0001    4.37296193E-0013    9.99369075E-0001    1.00283247E+0000    9.99360603E-0001    9.99873849E-0001
    81    4.25300000E+0007    1.76300000E+0007    4.37700000E-0001    4.97400000E-0001    6.20453922E-0001   -5.38869765E+0000    1.75775906E-0002    6.94710001E-0003    1.19104665E-0002    7.88576956E-0008    1.03697786E-0002    9.81732674E-0013    6.87452733E-0018    5.22463695E-0017    8.34120416E-0013    1.01031132E+0000    9.24987405E-0001    2.70629945E-0013    9.99369075E-0001    1.00283247E+0000    9.99360603E-0001    9.99873849E-0001
    82    4.88500000E+0007    1.44900000E+0007    4.13100000E-0001    4.97700000E-0001    5.84635370E-0001   -5.62581622E+0000    1.77267553E-0002    4.14793457E-0003    8.68219569E-0003    2.62959576E-0008    9.93722137E-0003    1.24889868E-0013    1.11449170E-0018    2.56894821E-0018    4.99741892E-0013    1.01031132E+0000    9.24987405E-0001    1.62140294E-0013    9.99369075E-0001    1.00283247E+0000    9.99360603E-0001    9.99873849E-0001
    83    5.61600000E+0007    1.18900000E+0007    3.90000000E-0001    4.97900000E-0001    5.51085535E-0001   -5.84449029E+0000    1.78556468E-0002    1.72926681E-0003    5.59583016E-0003    2.60276107E-0009    9.49171792E-0003    1.29042003E-0014    1.50175197E-0019    9.84313722E-0020    2.64298622E-0013    1.01031132E+0000    9.24987405E-0001    8.57507881E-0014    9.99369075E-0001    1.00283247E+0000    9.99360603E-0001    9.99873849E-0001
    84    6.46100000E+0007    9.75000000E+0006    3.68200000E-0001    4.98200000E-0001    5.20397495E-0001   -6.03203298E+0000    1.78859699E-0002    8.06816479E-0004    3.48217040E-0003    7.58284903E-0010    8.98736806E-0003    1.17176741E-0015    1.89610783E-0020    3.27333768E-0021    1.34866213E-0013    1.01031132E+0000    9.24987405E-0001    4.37568706E-0014    9.99369075E-0001    1.00283247E+0000    9.99360603E-0001    9.99873849E-0001
    85    7.43600000E+0007    7.99100000E+0006    3.47800000E-0001    4.98400000E-0001    4.91460301E-0001   -6.19045266E+0000    1.78949855E-0002    3.65403308E-0004    2.17986231E-0003    1.03124845E-0010    8.46702736E-0003    9.81901596E-0017    2.35996586E-0021    1.00536360E-0022    6.91956460E-0014    1.01031132E+0000    9.24987405E-0001    2.24502783E-0014    9.99369075E-0001    1.00283247E+0000    9.99360603E-0001    9.99873849E-0001
    86    8.55900000E+0007    6.54500000E+0006    3.28700000E-0001    4.98600000E-0001    4.65013844E-0001   -6.34508221E+0000    1.78951534E-0002    1.11984753E-0004    1.12545850E-0003    6.46869001E-0012    7.96335865E-0003    6.21998681E-0018    2.21636104E-0022    2.17192493E-0024    2.92609028E-0014    1.01031132E+0000    9.24987405E-0001    9.49359390E-0015    9.99369075E-0001    1.00283247E+0000    9.99360603E-0001    9.99873849E-0001
    87    9.85100000E+0007    5.35700000E+0006    3.10900000E-0001    4.98700000E-0001    4.40025048E-0001   -6.47216428E+0000    1.78897397E-0002    6.00944816E-0005    7.04678936E-0004    2.85704323E-0012    7.46422785E-0003    4.39965277E-0019    2.49928785E-0023    5.29824289E-0026    1.49955197E-0014    1.01031132E+0000    9.24987405E-0001    4.86524204E-0015    9.99369075E-0001    1.00283247E+0000    9.99360603E-0001    9.99873849E-0001
    88    1.13300000E+0008    4.37900000E+0006    2.94200000E-0001    4.98900000E-0001    4.16741659E-0001   -6.61286092E+0000    1.78838916E-0002    1.86777235E-0005    3.64910447E-0004    1.73923232E-0013    6.99247322E-0003    2.33768598E-0020    2.01172945E-0024    8.56437964E-0028    6.34760406E-0015    1.01031132E+0000    9.24987405E-0001    2.05945712E-0015    9.99369075E-0001    1.00283247E+0000    9.99360603E-0001    9.99873849E-0001
    89    1.30300000E+0008    3.57200000E+0006    2.78600000E-0001    4.99100000E-0001    3.94949313E-0001   -6.75148573E+0000    1.78779727E-0002    6.90289797E-0006    1.89476375E-0004    3.86926852E-0014    6.54120981E-0003    1.13789287E-0021    1.47154646E-0025    1.17542338E-0029    2.68853135E-0015    1.01031132E+0000    9.24987405E-0001    8.72284249E-0016    9.99369075E-0001    1.00283247E+0000    9.99360603E-0001    9.99873849E-0001
    90    1.49700000E+0008    2.90400000E+0006    2.63900000E-0001    4.99200000E-0001    3.73957066E-0001   -6.87038249E+0000    1.78742734E-0002    2.52989770E-0006    1.03961409E-0004    3.14371690E-0015    6.10834522E-0003    5.22049908E-0023    1.08458504E-0026    1.49634490E-0031    1.19927106E-0015    1.01031132E+0000    9.24987405E-0001    3.89099149E-0016    9.99369075E-0001    1.00283247E+0000    9.99360603E-0001    9.99873849E-0001
    91    1.71900000E+0008    2.34900000E+0006    2.49900000E-0001    4.99400000E-0001    3.54554965E-0001   -7.00989502E+0000    1.78695227E-0002    4.91386822E-0007    4.20729893E-0005    7.62897600E-0017    5.69629691E-0003    1.53094720E-0024    4.72511317E-0028    1.00786397E-0033    3.92586150E-0016    1.01031132E+0000    9.24987405E-0001    1.27373153E-0016    9.99369075E-0001    1.00283247E+0000    9.99360603E-0001    9.99873849E-0001
    92    1.97200000E+0008    1.88600000E+0006    2.36500000E-0001    4.99600000E-0001    3.35776514E-0001   -7.14934067E+0000    1.78655310E-0002    2.54434041E-0007    2.48273902E-0005    2.76953209E-0017    5.29743598E-0003    5.50949347E-0026    2.53328462E-0029    7.36404885E-0036    1.86003598E-0016    1.01031132E+0000    9.24987405E-0001    6.03481931E-0017    9.99369075E-0001    1.00283247E+0000    9.99360603E-0001    9.99873849E-0001
    93    2.26000000E+0008    1.49900000E+0006    2.23700000E-0001    4.99700000E-0001    3.17211974E-0001   -7.27110798E+0000    1.78631167E-0002    4.74471567E-0008    9.85526634E-0006    5.49279045E-0019    4.90853366E-0003    1.10749538E-0027    8.22370053E-0031    2.85812007E-0038    5.86838483E-0017    1.01031132E+0000    9.24987405E-0001    1.90397618E-0017    9.99369075E-0001    1.00283247E+0000    9.99360603E-0001    9.99873849E-0001
    94    2.59200000E+0008    1.18100000E+0006    2.11300000E-0001    4.99800000E-0001    3.00151927E-0001   -7.39591879E+0000    1.78610300E-0002    1.39471526E-0008    4.15314082E-0006    9.35873135E-0020    4.53483370E-0003    1.86571968E-0029    2.24539413E-0032    7.76677065E-0041    1.94838663E-0017    1.01031132E+0000    9.24987405E-0001    6.32146979E-0018    9.99369075E-0001    1.00283247E+0000    9.99360603E-0001    9.99873849E-0001
    95    2.97100000E+0008    9.29700000E+0005    1.99100000E-0001    4.99900000E-0001    2.86296609E-0001   -7.52691168E+0000    1.78592481E-0002    3.09390410E-0009    1.76456591E-0006    1.60863568E-0021    4.18846639E-0003    2.34659520E-0031    4.55460459E-0034    1.21141008E-0043    6.51672363E-0018    1.01031132E+0000    9.24987405E-0001    2.11432735E-0018    9.99369075E-0001    1.00283247E+0000    9.99360603E-0001    9.99873849E-0001
    96    3.40000000E+0008    7.39900000E+0005    1.87000000E-0001    4.99900000E-0001    2.78110970E-0001   -7.64688974E+0000    1.78588302E-0002    2.96611532E-0010    4.85122008E-0007    1.30460729E-0023    3.88134873E-0003    1.33867698E-0033    4.54452589E-0036    6.62006619E-0047    1.42584590E-0018    1.01031132E+0000    9.24987405E-0001    4.62610533E-0019    9.99369075E-0001    1.00283247E+0000    9.99360603E-0001    9.99873849E-0001
    97    3.87500000E+0008    5.98300000E+0005    1.75100000E-0001    5.00000000E-0001    2.76077286E-0001   -7.81138414E+0000    1.78574074E-0002    5.23536334E-0011    1.46725209E-0007    2.76263114E-0025    3.61695386E-0003    5.73952486E-0036    2.69743586E-0038    1.47482824E-0050    3.48716363E-0019    1.01031132E+0000    9.24987405E-0001    1.13139760E-0019    9.99369075E-0001    1.00283247E+0000    9.99360603E-0001    9.99873849E-0001
    98    4.38700000E+0008    4.89100000E+0005    1.63700000E-0001    5.00000000E-0001    2.77391453E-0001   -7.92850293E+0000    1.78572871E-0002    7.37839666E-0012    4.62874588E-0008    1.30480648E-0027    3.38212265E-0003    1.80757077E-0038    1.52214053E-0040    2.24658166E-0054    8.99310343E-0020    1.01031132E+0000    9.24987405E-0001    2.91777980E-0020    9.99369075E-0001    1.00283247E+0000    9.99360603E-0001    9.99873849E-0001
    99    4.92700000E+0008    3.99800000E+0005    1.52800000E-0001    5.00000000E-0001    2.80357695E-0001   -8.13902433E+0000    1.78572120E-0002    3.97468546E-0013    1.08100801E-0008    1.14858341E-0030    3.16234644E-0003    2.79567996E-0041    2.31437457E-0043    6.45387632E-0059    1.71680232E-0020    1.01031132E+0000    9.24987405E-0001    5.57010287E-0021    9.99369075E-0001    1.00283247E+0000    9.99360603E-0001    9.99873849E-0001
   100    5.49100000E+0008    3.19800000E+0005    1.41800000E-0001    5.00000000E-0001    2.83868617E-0001   -7.97869546E+0000    1.78571709E-0002    1.22599419E-0014    1.08090137E-0009    5.63512774E-0034    2.93523959E-0003    8.21279922E-0045    9.20330449E-0046    2.50957052E-0063    1.37313462E-0021    1.01031132E+0000    9.24987405E-0001    4.45508547E-0022    9.99369075E-0001    1.00283247E+0000    9.99360603E-0001    9.99873849E-0001
   101    6.09900000E+0008    2.41800000E+0005    1.29100000E-0001    5.00000000E-0001    2.89302190E-0001   -7.77368859E+0000    1.78571519E-0002    2.07212457E-0016    2.38768869E-0011    3.15238857E-0037    2.67402686E-0003    6.52382094E-0050    2.96793138E-0049    1.43607933E-0069    2.29341467E-0023    1.01031132E+0000    9.24987405E-0001    7.44090073E-0024    9.99369075E-0001    1.00283247E+0000    9.99360603E-0001    9.99873849E-0001
   102    6.46900000E+0008    1.69000000E+0005    1.14400000E-0001    5.00000000E-0001    2.97665484E-0001   -7.61256676E+0000    1.78571452E-0002    1.54737734E-0018    2.96858825E-0013    0.00000000E+0000    2.37316012E-0003    9.86703433E-0057    0.00000000E+0000    0.00000000E+0000    1.99289885E-0025    1.01031132E+0000    9.24987405E-0001    6.46588805E-0026    9.99369075E-0001    1.00283247E+0000    9.99360603E-0001    9.99873849E-0001
