# id, d [g/cm^3], T [MeV], Ye, mu_e [MeV], mu_hat [MeV], Yp, Yn, dU, em_nue [1/s], ab_nue [1/cm], em_anue [1/s], ab_anue [1/cm], R, Rbar, B_IS_nu [1/cm], R0_n, R1_n, R0_p, R1_p
1	3.730000e+14	1.204000e+01	3.134000e-01	2.495089e+02	6.015553e+01	3.134000e-01	6.866000e-01	1.725934e+01	2.067205e+05	2.622023e-12	8.044909e-03	3.765114e-06	1.010311e+00	9.249881e-01	-2.936220e-05	9.993691e-01	1.002832e+00	9.993606e-01	9.998739e-01
2	3.338000e+14	1.191000e+01	3.073000e-01	2.387525e+02	5.858307e+01	3.073000e-01	6.927000e-01	1.877124e+01	2.065495e+05	4.820499e-12	1.452244e-02	3.762000e-06	1.010311e+00	9.249881e-01	-2.768203e-05	9.993691e-01	1.002832e+00	9.993606e-01	9.998739e-01
3	3.000000e+14	1.186000e+01	3.020000e-01	2.289264e+02	5.691181e+01	3.020000e-01	6.980000e-01	1.995462e+01	2.153000e+05	9.414128e-12	2.815974e-02	3.921376e-06	1.010311e+00	9.249881e-01	-2.626691e-05	9.993691e-01	1.002832e+00	9.993606e-01	9.998739e-01
4	2.687000e+14	1.181000e+01	2.967000e-01	2.192049e+02	5.516480e+01	2.967000e-01	7.033000e-01	2.091411e+01	2.252032e+05	1.826651e-11	5.424740e-02	4.101749e-06	1.010311e+00	9.249881e-01	-2.485009e-05	9.993691e-01	1.002832e+00	9.993606e-01	9.998739e-01
5	2.352000e+14	1.318000e+01	2.890000e-01	2.071182e+02	6.166878e+01	8.307175e-02	2.445388e-01	2.596262e+01	7.765669e+04	9.894674e-11	3.508980e-01	1.414404e-06	1.010311e+00	9.249881e-01	-1.271806e-05	9.993691e-01	1.002832e+00	9.993606e-01	9.998739e-01
6	1.928000e+14	1.721000e+01	2.771000e-01	1.886155e+02	5.614276e+01	2.229567e-01	6.088132e-01	2.387988e+01	6.462067e+05	1.894946e-08	9.614631e+01	1.176999e-05	1.010311e+00	9.249881e-01	-2.388287e-05	9.993691e-01	1.002832e+00	9.993606e-01	9.998739e-01
7	1.207000e+14	2.795000e+01	2.629000e-01	1.470105e+02	6.343821e+01	2.408694e-01	7.075432e-01	2.227281e+01	1.404921e+06	3.539802e-06	2.828215e+04	2.569085e-05	1.010311e+00	9.249881e-01	-2.229545e-05	9.993691e-01	1.002832e+00	9.993606e-01	9.998739e-01
8	7.221000e+13	3.617000e+01	2.457000e-01	1.027253e+02	6.917094e+01	2.378524e-01	7.459062e-01	1.689760e+01	1.284158e+06	2.319876e-05	2.246056e+05	2.415359e-05	1.010311e+00	9.249881e-01	-1.519632e-05	9.993691e-01	1.002832e+00	9.993606e-01	9.998739e-01
9	5.581000e+13	3.708000e+01	2.172000e-01	8.143507e+01	7.450279e+01	2.128016e-01	7.782093e-01	1.524668e+01	9.258053e+05	3.481046e-05	3.501352e+05	1.784485e-05	1.010311e+00	9.249881e-01	-1.203655e-05	9.993691e-01	1.002832e+00	9.993606e-01	9.998739e-01
10	5.343000e+13	3.376000e+01	1.723000e-01	7.443361e+01	8.301376e+01	1.688380e-01	8.239452e-01	1.695411e+01	6.184482e+05	3.725314e-05	3.571188e+05	1.198504e-05	1.010311e+00	9.249881e-01	-1.149181e-05	9.993691e-01	1.002832e+00	9.993606e-01	9.998739e-01
11	5.672000e+13	2.858000e+01	1.297000e-01	7.384685e+01	8.884927e+01	1.265446e-01	8.665025e-01	1.996221e+01	3.846411e+05	3.228706e-05	2.751218e+05	7.383128e-06	1.010311e+00	9.249881e-01	-1.190077e-05	9.993691e-01	1.002832e+00	9.993606e-01	9.998739e-01
12	5.792000e+13	2.392000e+01	1.044000e-01	7.384999e+01	8.777087e+01	1.013029e-01	8.913319e-01	2.156823e+01	2.432221e+05	2.335718e-05	1.712764e+05	4.609422e-06	1.010311e+00	9.249881e-01	-1.172021e-05	9.993691e-01	1.002832e+00	9.993606e-01	9.998739e-01
13	5.452000e+13	2.054000e+01	9.080000e-02	7.194735e+01	8.290255e+01	8.768265e-02	9.044657e-01	2.119460e+01	1.659601e+05	1.641670e-05	1.039481e+05	3.119822e-06	1.010311e+00	9.249881e-01	-1.072464e-05	9.993691e-01	1.002832e+00	9.993606e-01	9.998739e-01
14	4.892000e+13	1.792000e+01	8.068000e-02	6.832960e+01	7.734586e+01	7.756372e-02	9.142562e-01	1.985657e+01	1.159658e+05	1.206828e-05	6.591978e+04	2.170769e-06	1.010311e+00	9.249881e-01	-9.437033e-06	9.993691e-01	1.002832e+00	9.993606e-01	9.998739e-01
15	4.396000e+13	1.553000e+01	7.042000e-02	6.439544e+01	7.204351e+01	6.729253e-02	9.240994e-01	1.858274e+01	7.763665e+04	8.813870e-06	4.033075e+04	1.447559e-06	1.010311e+00	9.249881e-01	-8.275707e-06	9.993691e-01	1.002832e+00	9.993606e-01	9.998739e-01
16	3.880000e+13	1.357000e+01	6.239000e-02	6.024244e+01	6.675511e+01	5.916002e-02	9.316155e-01	1.700195e+01	5.287972e+04	6.589921e-06	2.493263e+04	9.833351e-07	1.010311e+00	9.249881e-01	-7.160147e-06	9.993691e-01	1.002832e+00	9.993606e-01	9.998739e-01
17	3.274000e+13	1.214000e+01	6.000000e-02	5.689378e+01	6.070378e+01	5.644010e-02	9.333427e-01	1.474613e+01	4.148711e+04	4.833315e-06	1.532078e+04	7.699619e-07	1.010311e+00	9.249881e-01	-6.035628e-06	9.993691e-01	1.002832e+00	9.993606e-01	9.998739e-01
18	2.610000e+13	1.125000e+01	6.000000e-02	5.274833e+01	5.525173e+01	5.632377e-02	9.334627e-01	1.204359e+01	3.612400e+04	4.136731e-06	1.152115e+04	6.717483e-07	1.010311e+00	9.249881e-01	-4.930316e-06	9.993691e-01	1.002832e+00	9.993606e-01	9.998739e-01
19	1.985000e+13	1.080000e+01	6.000000e-02	4.749105e+01	5.087364e+01	5.680488e-02	9.349143e-01	9.381236e+00	3.334845e+04	4.361256e-06	1.136855e+04	6.254132e-07	1.010311e+00	9.249881e-01	-3.909127e-06	9.993691e-01	1.002832e+00	9.993606e-01	9.998739e-01
20	1.477000e+13	1.060000e+01	6.000000e-02	4.194504e+01	4.728726e+01	5.746232e-02	9.364577e-01	7.128849e+00	3.133491e+04	5.058808e-06	1.294684e+04	5.976362e-07	1.010311e+00	9.249881e-01	-3.033337e-06	9.993691e-01	1.002832e+00	9.993606e-01	9.998739e-01
21	1.143000e+13	1.021000e+01	6.054000e-02	3.798960e+01	4.371468e+01	5.830276e-02	9.366020e-01	5.585145e+00	2.857747e+04	5.087310e-06	1.228921e+04	5.532241e-07	1.010311e+00	9.249881e-01	-2.405289e-06	9.993691e-01	1.002832e+00	9.993606e-01	9.998739e-01
22	9.467000e+12	9.323000e+00	6.000000e-02	3.591390e+01	3.993442e+01	5.757499e-02	9.369527e-01	4.666652e+00	2.369439e+04	4.120036e-06	8.249975e+03	4.587972e-07	1.010311e+00	9.249881e-01	-2.002016e-06	9.993691e-01	1.002832e+00	9.993606e-01	9.998739e-01
23	7.666000e+12	8.604000e+00	6.000000e-02	3.359156e+01	3.647079e+01	5.743482e-02	9.368671e-01	3.808481e+00	2.000744e+04	3.497537e-06	5.871740e+03	3.891287e-07	1.010311e+00	9.249881e-01	-1.634677e-06	9.993691e-01	1.002832e+00	9.993606e-01	9.998739e-01
24	6.270000e+12	7.892000e+00	6.000000e-02	3.162630e+01	3.328156e+01	5.716915e-02	9.366143e-01	3.133143e+00	1.670949e+04	2.904567e-06	3.956716e+03	3.257723e-07	1.010311e+00	9.249881e-01	-1.344558e-06	9.993691e-01	1.002832e+00	9.993606e-01	9.998739e-01
25	5.073000e+12	7.318000e+00	6.000000e-02	2.951772e+01	3.049379e+01	5.698316e-02	9.364905e-01	2.548035e+00	1.413553e+04	2.548927e-06	2.862045e+03	2.775503e-07	1.010311e+00	9.249881e-01	-1.095914e-06	9.993691e-01	1.002832e+00	9.993606e-01	9.998739e-01
26	4.093000e+12	6.831000e+00	6.000000e-02	2.746629e+01	2.802434e+01	5.684823e-02	9.364339e-01	2.068598e+00	1.205516e+04	2.306162e-06	2.150169e+03	2.391979e-07	1.010311e+00	9.249881e-01	-8.908346e-07	9.993691e-01	1.002832e+00	9.993606e-01	9.998739e-01
27	3.280000e+12	6.456000e+00	6.000000e-02	2.535478e+01	2.590662e+01	5.682332e-02	9.365009e-01	1.666972e+00	1.039670e+04	2.199148e-06	1.758572e+03	2.100137e-07	1.010311e+00	9.249881e-01	-7.197230e-07	9.993691e-01	1.002832e+00	9.993606e-01	9.998739e-01
28	2.617000e+12	6.161000e+00	6.000000e-02	2.327367e+01	2.404886e+01	5.693266e-02	9.367017e-01	1.336772e+00	9.029815e+03	2.163674e-06	1.529678e+03	1.872688e-07	1.010311e+00	9.249881e-01	-5.788654e-07	9.993691e-01	1.002832e+00	9.993606e-01	9.998739e-01
29	2.084000e+12	5.939000e+00	6.001000e-02	2.124351e+01	2.245383e+01	5.719632e-02	9.370259e-01	1.070450e+00	7.844302e+03	2.177190e-06	1.414156e+03	1.689085e-07	1.010311e+00	9.249881e-01	-4.644653e-07	9.993691e-01	1.002832e+00	9.993606e-01	9.998739e-01
30	1.651000e+12	5.789000e+00	6.001000e-02	1.922741e+01	2.107788e+01	5.766689e-02	9.375655e-01	8.517400e-01	6.785727e+03	2.222314e-06	1.395040e+03	1.541951e-07	1.010311e+00	9.249881e-01	-3.706298e-07	9.993691e-01	1.002832e+00	9.993606e-01	9.998739e-01
31	1.299000e+12	5.703000e+00	6.000000e-02	1.718713e+01	1.995290e+01	5.818738e-02	9.381469e-01	6.731563e-01	5.712442e+03	2.273486e-06	1.461604e+03	1.401063e-07	1.010311e+00	9.249881e-01	-2.934937e-07	9.993691e-01	1.002832e+00	9.993606e-01	9.998739e-01
32	1.019000e+12	5.618000e+00	6.502000e-02	1.590650e+01	1.845697e+01	6.342819e-02	9.333665e-01	5.240639e-01	5.198203e+03	2.067143e-06	1.336430e+03	1.352553e-07	1.010311e+00	9.249881e-01	-2.311804e-07	9.993691e-01	1.002832e+00	9.993606e-01	9.998739e-01
33	7.948000e+11	5.584000e+00	7.362000e-02	1.494021e+01	1.688337e+01	7.228637e-02	9.250370e-01	4.017280e-01	4.945234e+03	1.790706e-06	1.194386e+03	1.356816e-07	1.010311e+00	9.249881e-01	-1.808505e-07	9.993691e-01	1.002832e+00	9.993606e-01	9.998739e-01
34	6.182000e+11	5.581000e+00	8.301000e-02	1.390242e+01	1.553090e+01	8.200136e-02	9.159784e-01	3.064651e-01	4.533563e+03	1.553626e-06	1.103993e+03	1.327749e-07	1.010311e+00	9.249881e-01	-1.409634e-07	9.993691e-01	1.002832e+00	9.993606e-01	9.998739e-01
35	4.772000e+11	5.620000e+00	9.530000e-02	1.290474e+01	1.424978e+01	9.460721e-02	9.040071e-01	2.301118e-01	4.114545e+03	1.319181e-06	1.031181e+03	1.292774e-07	1.010311e+00	9.249881e-01	-1.089336e-07	9.993691e-01	1.002832e+00	9.993606e-01	9.998739e-01
36	3.665000e+11	5.661000e+00	1.127000e-01	1.211566e+01	1.285654e+01	1.122339e-01	8.868347e-01	1.694175e-01	3.795967e+03	1.076063e-06	9.164959e+02	1.266203e-07	1.010311e+00	9.249881e-01	-8.364417e-08	9.993691e-01	1.002832e+00	9.993606e-01	9.998739e-01
37	2.798000e+11	5.743000e+00	1.322000e-01	1.117111e+01	1.164465e+01	1.319343e-01	8.675351e-01	1.229319e-01	3.342974e+03	8.773290e-07	8.476908e+02	1.202304e-07	1.010311e+00	9.249881e-01	-6.379692e-08	9.993691e-01	1.002832e+00	9.993606e-01	9.998739e-01
38	2.105000e+11	5.855000e+00	1.579000e-01	1.020875e+01	1.038377e+01	1.577519e-01	8.419524e-01	8.608352e-02	2.892741e+03	6.935210e-07	7.754316e+02	1.125742e-07	1.010311e+00	9.249881e-01	-4.789366e-08	9.993691e-01	1.002832e+00	9.993606e-01	9.998739e-01
39	1.565000e+11	5.977000e+00	1.901000e-01	9.235169e+00	9.049828e+00	1.900234e-01	8.098237e-01	5.800033e-02	2.455581e+03	5.323977e-07	6.923388e+02	1.036003e-07	1.010311e+00	9.249881e-01	-3.549230e-08	9.993691e-01	1.002832e+00	9.993606e-01	9.998739e-01
40	1.157000e+11	6.068000e+00	2.232000e-01	8.162648e+00	7.819311e+00	2.231633e-01	7.767634e-01	3.828986e-02	1.970902e+03	4.048072e-07	6.075883e+02	9.123968e-08	1.010311e+00	9.249881e-01	-2.614508e-08	9.993691e-01	1.002832e+00	9.993606e-01	9.998739e-01
41	8.423000e+10	6.138000e+00	2.608000e-01	7.083937e+00	6.547686e+00	2.607833e-01	7.391834e-01	2.413491e-02	1.531303e+03	2.985328e-07	5.127196e+02	7.810023e-08	1.010311e+00	9.249881e-01	-1.895216e-08	9.993691e-01	1.002832e+00	9.993606e-01	9.998739e-01
42	6.067000e+10	6.147000e+00	3.003000e-01	6.054252e+00	5.287474e+00	3.002925e-01	6.996926e-01	1.452355e-02	1.148177e+03	2.150453e-07	4.106379e+02	6.479668e-08	1.010311e+00	9.249881e-01	-1.358796e-08	9.993691e-01	1.002832e+00	9.993606e-01	9.998739e-01
43	4.370000e+10	6.079000e+00	3.299000e-01	5.037839e+00	4.359274e+00	3.298965e-01	6.700965e-01	8.934199e-03	8.063266e+02	1.562127e-07	3.227181e+02	5.106985e-08	1.010311e+00	9.249881e-01	-9.752969e-09	9.993691e-01	1.002832e+00	9.993606e-01	9.998739e-01
44	3.141000e+10	5.930000e+00	3.603000e-01	4.228494e+00	3.431099e+00	3.602982e-01	6.396983e-01	5.288392e-03	5.633643e+02	1.118122e-07	2.384407e+02	4.003262e-08	1.010311e+00	9.249881e-01	-6.984569e-09	9.993691e-01	1.002832e+00	9.993606e-01	9.998739e-01
45	2.253000e+10	5.714000e+00	3.890000e-01	3.564568e+00	2.590119e+00	3.889991e-01	6.109991e-01	3.030140e-03	3.864798e+02	7.955144e-08	1.687648e+02	3.106733e-08	1.010311e+00	9.249881e-01	-4.992602e-09	9.993691e-01	1.002832e+00	9.993606e-01	9.998739e-01
46	1.629000e+10	5.442000e+00	4.068000e-01	3.002989e+00	2.055413e+00	4.067994e-01	5.931994e-01	7.085721e-05	2.551659e+02	5.780840e-08	1.181968e+02	2.358098e-08	1.010311e+00	9.249881e-01	-3.602051e-09	9.993691e-01	1.002832e+00	9.993606e-01	9.998739e-01
47	1.182000e+10	5.137000e+00	4.198000e-01	2.537516e+00	1.660589e+00	4.197996e-01	5.801996e-01	5.099433e-05	1.645617e+02	4.235142e-08	8.122310e+01	1.777389e-08	1.010311e+00	9.249881e-01	-2.609517e-09	9.993691e-01	1.002832e+00	9.993606e-01	9.998739e-01
48	8.660000e+09	4.801000e+00	4.392000e-01	2.229331e+00	1.168241e+00	4.391997e-01	5.607997e-01	3.758711e-05	1.080415e+02	3.087257e-08	5.317858e+01	1.379341e-08	1.010311e+00	9.249881e-01	-1.907357e-09	9.993691e-01	1.002832e+00	9.993606e-01	9.998739e-01
49	6.553000e+09	4.445000e+00	4.517000e-01	2.029395e+00	8.558717e-01	4.516997e-01	5.482997e-01	2.987857e-05	7.080703e+01	2.343049e-08	3.472593e+01	1.088716e-08	1.010311e+00	9.249881e-01	-1.441086e-09	9.993691e-01	1.002832e+00	9.993606e-01	9.998739e-01
50	4.995000e+09	4.094000e+00	4.664000e-01	1.883921e+00	5.448793e-01	4.663997e-01	5.335997e-01	2.419378e-05	4.610897e+01	1.783896e-08	2.204983e+01	8.722712e-09	1.010311e+00	9.249881e-01	-1.096484e-09	9.993691e-01	1.002832e+00	9.993606e-01	9.998739e-01
51	3.909000e+09	3.756000e+00	4.780000e-01	1.793780e+00	3.243134e-01	4.779996e-01	5.219996e-01	2.059283e-05	3.011610e+01	1.403096e-08	1.397134e+01	7.148577e-09	1.010311e+00	9.249881e-01	-8.568666e-10	9.993691e-01	1.002832e+00	9.993606e-01	9.998739e-01
52	3.119000e+09	3.444000e+00	4.870000e-01	1.731223e+00	1.727386e-01	4.869994e-01	5.129994e-01	1.812534e-05	1.971934e+01	1.136825e-08	8.894499e+00	5.980712e-09	1.010311e+00	9.249881e-01	-6.829388e-10	9.993691e-01	1.002832e+00	9.993606e-01	9.998739e-01
53	2.551000e+09	3.163000e+00	4.936000e-01	1.696788e+00	7.478145e-02	4.935990e-01	5.063990e-01	1.656619e-05	1.334251e+01	9.711068e-09	5.839531e+00	5.231405e-09	1.010311e+00	9.249881e-01	-5.581147e-10	9.993691e-01	1.002832e+00	9.993606e-01	9.998739e-01
54	2.137000e+09	2.917000e+00	4.971000e-01	1.676465e+00	2.796576e-02	4.970981e-01	5.028981e-01	1.563117e-05	9.752144e+00	9.122098e-09	4.168155e+00	4.973314e-09	1.010311e+00	9.249881e-01	-4.673362e-10	9.993691e-01	1.002832e+00	9.993606e-01	9.998739e-01
55	1.832000e+09	2.710000e+00	4.985000e-01	1.660579e+00	1.074215e-02	4.984967e-01	5.014967e-01	1.501272e-05	8.153691e+00	9.833863e-09	3.431082e+00	5.382839e-09	1.010311e+00	9.249881e-01	-4.005662e-10	9.993691e-01	1.002832e+00	9.993606e-01	9.998739e-01
56	1.610000e+09	2.544000e+00	4.987000e-01	1.651255e+00	8.040429e-03	4.986948e-01	5.012948e-01	1.471081e-05	3.752193e+00	5.745737e-09	1.562785e+00	3.137546e-09	1.010311e+00	9.249881e-01	-3.520160e-10	9.993691e-01	1.002832e+00	9.993606e-01	9.998739e-01
57	1.450000e+09	2.412000e+00	4.977000e-01	1.646548e+00	1.731342e-02	4.976893e-01	5.022893e-01	1.471733e-05	3.517928e+00	6.666212e-09	1.450131e+00	3.629956e-09	1.010311e+00	9.249881e-01	-3.170688e-10	9.993691e-01	1.002832e+00	9.993606e-01	9.998739e-01
58	1.334000e+09	2.312000e+00	4.969000e-01	1.638928e+00	2.400861e-02	4.968865e-01	5.030865e-01	1.458839e-05	2.527504e+00	5.739262e-09	1.038217e+00	3.113188e-09	1.010311e+00	9.249881e-01	-2.917305e-10	9.993691e-01	1.002832e+00	9.993606e-01	9.998739e-01
59	1.252000e+09	2.237000e+00	4.960000e-01	1.636101e+00	3.132492e-02	4.959758e-01	5.039758e-01	1.478098e-05	1.968785e+00	5.173521e-09	8.052442e-01	2.794980e-09	1.010311e+00	9.249881e-01	-2.738226e-10	9.993691e-01	1.002832e+00	9.993606e-01	9.998739e-01
60	1.197000e+09	2.183000e+00	4.953000e-01	1.637712e+00	3.671643e-02	4.952677e-01	5.046678e-01	1.498171e-05	1.654456e+00	4.851833e-09	6.722990e-01	2.613136e-09	1.010311e+00	9.249881e-01	-2.618120e-10	9.993691e-01	1.002832e+00	9.993606e-01	9.998739e-01
61	1.155000e+09	2.142000e+00	4.948000e-01	1.635355e+00	4.032169e-02	4.947637e-01	5.051637e-01	1.500811e-05	1.447293e+00	4.636899e-09	5.869098e-01	2.491812e-09	1.010311e+00	9.249881e-01	-2.526392e-10	9.993691e-01	1.002832e+00	9.993606e-01	9.998739e-01
62	1.000000e+09	2.025000e+00	4.943000e-01	1.581055e+00	4.219162e-02	4.942233e-01	5.056233e-01	1.498869e-05	9.305856e-01	3.990414e-09	3.913141e-01	2.138117e-09	1.010311e+00	9.249881e-01	-2.187311e-10	9.993691e-01	1.002832e+00	9.993606e-01	9.998739e-01
63	7.251000e+08	1.755000e+00	4.940000e-01	1.508947e+00	3.868962e-02	4.936391e-01	5.056392e-01	1.804356e-05	3.073220e-01	2.892723e-09	1.343059e-01	1.546284e-09	1.010311e+00	9.249881e-01	-1.585178e-10	9.993691e-01	1.002832e+00	9.993606e-01	9.998739e-01
64	5.013000e+08	1.401000e+00	4.936000e-01	1.568518e+00	3.508240e-02	4.712751e-01	4.840764e-01	2.790500e-04	5.037820e-02	1.886096e-09	1.905271e-02	1.004692e-09	1.010311e+00	9.249881e-01	-1.047833e-10	9.993691e-01	1.002832e+00	9.993606e-01	9.998739e-01
65	3.380000e+08	1.103000e+00	4.933000e-01	1.598644e+00	5.871752e-02	2.498526e-01	2.632577e-01	2.535602e-03	2.561213e-03	6.357334e-10	8.482272e-04	3.291525e-10	1.010311e+00	9.249881e-01	-3.797520e-11	9.993691e-01	1.002832e+00	9.993606e-01	9.998739e-01
66	2.281000e+08	9.347000e-01	4.932000e-01	1.469526e+00	1.325410e-01	1.001075e-01	1.137095e-01	3.583957e-03	1.111877e-04	1.707264e-10	4.800462e-05	8.089769e-11	1.010311e+00	9.249881e-01	-1.070391e-11	9.993691e-01	1.002832e+00	9.993606e-01	9.998739e-01
67	1.596000e+08	8.191000e-01	4.931000e-01	1.333300e+00	2.755766e-01	3.661681e-02	4.995967e-02	3.768263e-03	5.518319e-06	5.422734e-11	3.827638e-06	2.115049e-11	1.010311e+00	9.249881e-01	-3.049419e-12	9.993691e-01	1.002832e+00	9.993606e-01	9.998739e-01
68	1.232000e+08	7.268000e-01	4.933000e-01	1.276302e+00	-1.025237e-01	1.584216e-02	1.883333e-02	5.479260e-03	3.943588e-07	1.687995e-11	2.683939e-07	7.753068e-12	1.010311e+00	9.249881e-01	-9.388854e-13	9.993691e-01	1.002832e+00	9.993606e-01	9.998739e-01
69	1.088000e+08	7.087000e-01	4.934000e-01	1.207571e+00	-2.559723e-01	1.468858e-02	1.330404e-02	5.901223e-03	6.390551e-08	2.519119e-12	3.098902e-08	1.973899e-12	1.010311e+00	9.249881e-01	-6.637714e-13	9.993691e-01	1.002832e+00	9.993606e-01	9.998739e-01
70	1.014000e+08	6.989000e-01	4.936000e-01	1.170139e+00	-2.882276e-01	1.350910e-02	1.024273e-02	5.959200e-03	9.770452e-08	4.720533e-12	5.027342e-08	3.893230e-12	1.010311e+00	9.249881e-01	-5.220444e-13	9.993691e-01	1.002832e+00	9.993606e-01	9.998739e-01
71	9.243000e+07	6.858000e-01	4.939000e-01	1.122693e+00	-4.199451e-01	1.284843e-02	7.959458e-03	6.099005e-03	6.946116e-08	3.891671e-12	3.383395e-08	3.920024e-12	1.010311e+00	9.249881e-01	-4.143542e-13	9.993691e-01	1.002832e+00	9.993606e-01	9.998739e-01
72	8.261000e+07	6.693000e-01	4.942000e-01	1.068669e+00	-8.008160e-01	1.427470e-02	7.179350e-03	6.563321e-03	3.773378e-08	1.847176e-12	1.219240e-08	3.336998e-12	1.010311e+00	9.249881e-01	-3.795427e-13	9.993691e-01	1.002832e+00	9.993606e-01	9.998739e-01
73	7.257000e+07	6.495000e-01	4.946000e-01	1.012504e+00	-1.295128e+00	1.602218e-02	4.849672e-03	7.135303e-03	2.418271e-08	9.296090e-13	4.270725e-09	3.728340e-12	1.010311e+00	9.249881e-01	-3.201872e-13	9.993691e-01	1.002832e+00	9.993606e-01	9.998739e-01
74	6.272000e+07	6.267000e-01	4.949000e-01	9.553597e-01	-1.828511e+00	1.732934e-02	1.047421e-03	7.807959e-03	1.421188e-08	4.245689e-13	1.234204e-09	4.288411e-12	1.010311e+00	9.249881e-01	-2.381938e-13	9.993691e-01	1.002832e+00	9.993606e-01	9.998739e-01
75	5.349000e+07	6.014000e-01	4.953000e-01	8.984347e-01	-2.380834e+00	1.892225e-02	8.068731e-04	8.628395e-03	5.878711e-09	1.371605e-13	2.279230e-10	3.924079e-12	1.010311e+00	9.249881e-01	-2.176316e-13	9.993691e-01	1.002832e+00	9.993606e-01	9.998739e-01
76	4.513000e+07	5.743000e-01	4.957000e-01	8.448569e-01	-3.103479e+00	2.192418e-02	1.008357e-04	9.530376e-03	2.357707e-09	3.238023e-14	2.762792e-11	3.930011e-12	1.010311e+00	9.249881e-01	-2.040115e-13	9.993691e-01	1.002832e+00	9.993606e-01	9.998739e-01
77	3.775000e+07	5.463000e-01	4.961000e-01	7.930989e-01	-3.613689e+00	2.137494e-02	6.671887e-05	1.004934e-02	6.823182e-10	7.853988e-15	3.119064e-12	3.199599e-12	1.010311e+00	9.249881e-01	-1.660981e-13	9.993691e-01	1.002832e+00	9.993606e-01	9.998739e-01
78	3.139000e+07	5.181000e-01	4.964000e-01	7.453780e-01	-4.172135e+00	2.104807e-02	8.448060e-06	1.059876e-02	1.778745e-10	1.529438e-15	2.564368e-13	2.624318e-12	1.010311e+00	9.249881e-01	-1.355852e-13	9.993691e-01	1.002832e+00	9.993606e-01	9.998739e-01
79	2.598000e+07	4.904000e-01	4.968000e-01	7.006681e-01	-4.632892e+00	1.875121e-02	3.969020e-06	1.066773e-02	3.758112e-11	2.796345e-16	1.816963e-14	1.934905e-12	1.010311e+00	9.249881e-01	-9.995030e-14	9.993691e-01	1.002832e+00	9.993606e-01	9.998739e-01
80	2.143000e+07	4.635000e-01	4.971000e-01	6.588790e-01	-5.030694e+00	1.583234e-02	5.456867e-07	1.058325e-02	6.764597e-12	4.771869e-17	1.104123e-15	1.347751e-12	1.010311e+00	9.249881e-01	-6.959786e-14	9.993691e-01	1.002832e+00	9.993606e-01	9.998739e-01
81	1.763000e+07	4.377000e-01	4.974000e-01	6.204539e-01	-5.388698e+00	1.191047e-02	7.885770e-08	1.036978e-02	9.817328e-13	6.874523e-18	5.224638e-17	8.341213e-13	1.010311e+00	9.249881e-01	-4.307211e-14	9.993691e-01	1.002832e+00	9.993606e-01	9.998739e-01
82	1.449000e+07	4.131000e-01	4.977000e-01	5.846354e-01	-5.625816e+00	8.682196e-03	2.629596e-08	9.937221e-03	1.248899e-13	1.114492e-18	2.568951e-18	4.997423e-13	1.010311e+00	9.249881e-01	-2.580543e-14	9.993691e-01	1.002832e+00	9.993606e-01	9.998739e-01
83	1.189000e+07	3.900000e-01	4.979000e-01	5.510855e-01	-5.844490e+00	5.595830e-03	2.602761e-09	9.491718e-03	1.290420e-14	1.501753e-19	9.843153e-20	2.642988e-13	1.010311e+00	9.249881e-01	-1.364766e-14	9.993691e-01	1.002832e+00	9.993606e-01	9.998739e-01
84	9.750000e+06	3.682000e-01	4.982000e-01	5.203975e-01	-6.032033e+00	3.482170e-03	7.582849e-10	8.987368e-03	1.171767e-15	1.896107e-20	3.273339e-21	1.348663e-13	1.010311e+00	9.249881e-01	-6.964122e-15	9.993691e-01	1.002832e+00	9.993606e-01	9.998739e-01
85	7.991000e+06	3.478000e-01	4.984000e-01	4.914603e-01	-6.190453e+00	2.179862e-03	1.031248e-10	8.467027e-03	9.819014e-17	2.359963e-21	1.005363e-22	6.919569e-14	1.010311e+00	9.249881e-01	-3.573072e-15	9.993691e-01	1.002832e+00	9.993606e-01	9.998739e-01
86	6.545000e+06	3.287000e-01	4.986000e-01	4.650138e-01	-6.345082e+00	1.125458e-03	6.468690e-12	7.963359e-03	6.219983e-18	2.216361e-22	2.171927e-24	2.926091e-14	1.010311e+00	9.249881e-01	-1.510952e-15	9.993691e-01	1.002832e+00	9.993606e-01	9.998739e-01
87	5.357000e+06	3.109000e-01	4.987000e-01	4.400250e-01	-6.472164e+00	7.046789e-04	2.857043e-12	7.464228e-03	4.399651e-19	2.499290e-23	5.298252e-26	1.499553e-14	1.010311e+00	9.249881e-01	-7.743273e-16	9.993691e-01	1.002832e+00	9.993606e-01	9.998739e-01
88	4.379000e+06	2.942000e-01	4.989000e-01	4.167417e-01	-6.612861e+00	3.649104e-04	1.739232e-13	6.992473e-03	2.337686e-20	2.011728e-24	8.564382e-28	6.347608e-15	1.010311e+00	9.249881e-01	-3.277727e-16	9.993691e-01	1.002832e+00	9.993606e-01	9.998739e-01
89	3.572000e+06	2.786000e-01	4.991000e-01	3.949493e-01	-6.751486e+00	1.894764e-04	3.869269e-14	6.541210e-03	1.137893e-21	1.471545e-25	1.175423e-29	2.688534e-15	1.010311e+00	9.249881e-01	-1.388284e-16	9.993691e-01	1.002832e+00	9.993606e-01	9.998739e-01
90	2.904000e+06	2.639000e-01	4.992000e-01	3.739571e-01	-6.870382e+00	1.039614e-04	3.143717e-15	6.108345e-03	5.220499e-23	1.084587e-26	1.496348e-31	1.199272e-15	1.010311e+00	9.249881e-01	-6.192705e-17	9.993691e-01	1.002832e+00	9.993606e-01	9.998739e-01
91	2.349000e+06	2.499000e-01	4.994000e-01	3.545550e-01	-7.009895e+00	4.207299e-05	7.628976e-17	5.696297e-03	1.530947e-24	4.725113e-28	1.007865e-33	3.925864e-16	1.010311e+00	9.249881e-01	-2.027207e-17	9.993691e-01	1.002832e+00	9.993606e-01	9.998739e-01
92	1.886000e+06	2.365000e-01	4.996000e-01	3.357765e-01	-7.149341e+00	2.482739e-05	2.769532e-17	5.297436e-03	5.509493e-26	2.533281e-29	7.364045e-36	1.860037e-16	1.010311e+00	9.249881e-01	-9.604713e-18	9.993691e-01	1.002832e+00	9.993606e-01	9.998739e-01
93	1.499000e+06	2.237000e-01	4.997000e-01	3.172120e-01	-7.271108e+00	9.855266e-06	5.492790e-19	4.908534e-03	1.107495e-27	8.223699e-31	2.858122e-38	5.868389e-17	1.010311e+00	9.249881e-01	-3.030272e-18	9.993691e-01	1.002832e+00	9.993606e-01	9.998739e-01
94	1.181000e+06	2.113000e-01	4.998000e-01	3.001519e-01	-7.395919e+00	4.153141e-06	9.358731e-20	4.534834e-03	1.865719e-29	2.245392e-32	7.766770e-41	1.948388e-17	1.010311e+00	9.249881e-01	-1.006093e-18	9.993691e-01	1.002832e+00	9.993606e-01	9.998739e-01
95	9.297000e+05	1.991000e-01	4.999000e-01	2.862966e-01	-7.526912e+00	1.764566e-06	1.608636e-21	4.188466e-03	2.346595e-31	4.554597e-34	1.211409e-43	6.516729e-18	1.010311e+00	9.249881e-01	-3.365057e-19	9.993691e-01	1.002832e+00	9.993606e-01	9.998739e-01
96	7.399000e+05	1.870000e-01	4.999000e-01	2.781110e-01	-7.646890e+00	4.851220e-07	1.304607e-23	3.881349e-03	1.338677e-33	4.544519e-36	6.620061e-47	1.425847e-18	1.010311e+00	9.249881e-01	-7.362675e-20	9.993691e-01	1.002832e+00	9.993606e-01	9.998739e-01
97	5.983000e+05	1.751000e-01	5.000000e-01	2.760773e-01	-7.811384e+00	1.467252e-07	2.762631e-25	3.616954e-03	5.739524e-36	2.697438e-38	1.474830e-50	3.487166e-19	1.010311e+00	9.249881e-01	-1.800675e-20	9.993691e-01	1.002832e+00	9.993606e-01	9.998739e-01
98	4.891000e+05	1.637000e-01	5.000000e-01	2.773915e-01	-7.928503e+00	4.628746e-08	1.304806e-27	3.382123e-03	1.807571e-38	1.522140e-40	2.246582e-54	8.993110e-20	1.010311e+00	9.249881e-01	-4.643791e-21	9.993691e-01	1.002832e+00	9.993606e-01	9.998739e-01
99	3.998000e+05	1.528000e-01	5.000000e-01	2.803577e-01	-8.139024e+00	1.081008e-08	1.148583e-30	3.162346e-03	2.795680e-41	2.314379e-43	6.453895e-59	1.716804e-20	1.010311e+00	9.249881e-01	-8.865094e-22	9.993691e-01	1.002832e+00	9.993606e-01	9.998739e-01
100	3.198000e+05	1.418000e-01	5.000000e-01	2.838686e-01	-7.978695e+00	1.080901e-09	5.635128e-34	2.935240e-03	8.212795e-45	9.203331e-46	2.509580e-63	1.373135e-21	1.010311e+00	9.249881e-01	-7.090486e-23	9.993691e-01	1.002832e+00	9.993606e-01	9.998739e-01
101	2.418000e+05	1.291000e-01	5.000000e-01	2.893022e-01	-7.773689e+00	2.387689e-11	3.152389e-37	2.674027e-03	6.523822e-50	2.967922e-49	1.436076e-69	2.293417e-23	1.010311e+00	9.249881e-01	-1.184256e-24	9.993691e-01	1.002832e+00	9.993606e-01	9.998739e-01
102	1.690000e+05	1.144000e-01	5.000000e-01	2.976655e-01	-7.612567e+00	2.968588e-13	0.000000e+00	2.373160e-03	9.867034e-57	0.000000e+00	0.000000e+00	1.992900e-25	1.010311e+00	9.249881e-01	-1.029078e-26	9.993691e-01	1.002832e+00	9.993606e-01	9.998739e-01
