 # E_nu [MeV]:   10.079454858851342     
 # zone, r [cm], rho [g/cm^3], T [MeV], Ye, mu_e [MeV],  mu_hat [MeV], Yh, Ya, Yp, Yn, em_nue [1/s], 1/l_nue [1/cm],em_anue [1/s], 1/l_anue [1/cm]                                                                                                                                                           
     1  5.4700E+05  3.7300E+14  1.2040E+01  3.1340E-01  2.4951E+02  6.0156E+01  0.0000E+00  0.0000E+00  3.1340E-01  6.8660E-01  2.0461E+05  2.5953E-12  8.6973E-03  4.0704E-06
     2  7.0230E+05  3.3380E+14  1.1910E+01  3.0730E-01  2.3875E+02  5.8583E+01  0.0000E+00  0.0000E+00  3.0730E-01  6.9270E-01  2.0444E+05  4.7713E-12  1.5700E-02  4.0671E-06
     3  8.1580E+05  3.0000E+14  1.1860E+01  3.0200E-01  2.2893E+02  5.6912E+01  0.0000E+00  0.0000E+00  3.0200E-01  6.9800E-01  2.1310E+05  9.3180E-12  3.0443E-02  4.2394E-06
     4  9.0730E+05  2.6870E+14  1.1810E+01  2.9670E-01  2.1920E+02  5.5165E+01  0.0000E+00  0.0000E+00  2.9670E-01  7.0330E-01  2.2290E+05  1.8080E-11  5.8647E-02  4.4344E-06
     5  9.8500E+05  2.3520E+14  1.3180E+01  2.8900E-01  2.0712E+02  6.1669E+01  3.4876E-03  1.2740E-04  8.3072E-02  2.4454E-01  7.6864E+04  9.7937E-11  3.7935E-01  1.5291E-06
     6  1.0560E+06  1.9280E+14  1.7210E+01  2.7710E-01  1.8862E+02  5.6143E+01  7.6348E-03  1.7973E-03  2.2296E-01  6.0881E-01  6.3961E+05  1.8756E-08  1.0394E+02  1.2724E-05
     7  1.1400E+06  1.2070E+14  2.7950E+01  2.6290E-01  1.4701E+02  6.3438E+01  4.1449E-03  5.7046E-03  2.4087E-01  7.0754E-01  1.3906E+06  3.5037E-06  3.0576E+04  2.7774E-05
     8  1.2550E+06  7.2210E+13  3.6170E+01  2.4570E-01  1.0273E+02  6.9171E+01  6.4563E-04  3.1019E-03  2.3785E-01  7.4591E-01  1.2711E+06  2.2962E-05  2.4282E+05  2.6112E-05
     9  1.3920E+06  5.5810E+13  3.7080E+01  2.1720E-01  8.1435E+01  7.4503E+01  2.6859E-04  1.8602E-03  2.1280E-01  7.7821E-01  9.1636E+05  3.4455E-05  3.7853E+05  1.9292E-05
    10  1.5260E+06  5.3430E+13  3.3760E+01  1.7230E-01  7.4434E+01  8.3014E+01  2.3737E-04  1.4493E-03  1.6884E-01  8.2395E-01  6.1214E+05  3.6873E-05  3.8608E+05  1.2957E-05
    11  1.6400E+06  5.6720E+13  2.8580E+01  1.2970E-01  7.3847E+01  8.8849E+01  3.3957E-04  1.2025E-03  1.2654E-01  8.6650E-01  3.8072E+05  3.1958E-05  2.9743E+05  7.9819E-06
    12  1.7380E+06  5.7920E+13  2.3920E+01  1.0440E-01  7.3850E+01  8.7771E+01  5.0924E-04  1.0048E-03  1.0130E-01  8.9133E-01  2.4074E+05  2.3119E-05  1.8517E+05  4.9832E-06
    13  1.8250E+06  5.4520E+13  2.0540E+01  9.0800E-02  7.1947E+01  8.2903E+01  6.4412E-04  8.8000E-04  8.7683E-02  9.0447E-01  1.6427E+05  1.6249E-05  1.1238E+05  3.3728E-06
    14  1.9030E+06  4.8920E+13  1.7920E+01  8.0680E-02  6.8330E+01  7.7346E+01  7.3751E-04  7.8761E-04  7.7564E-02  9.1426E-01  1.1478E+05  1.1945E-05  7.1266E+04  2.3468E-06
    15  1.9690E+06  4.3960E+13  1.5530E+01  7.0420E-02  6.4395E+01  7.2044E+01  8.4758E-04  6.8434E-04  6.7293E-02  9.2410E-01  7.6844E+04  8.7239E-06  4.3601E+04  1.5649E-06
    16  2.0260E+06  3.8800E+13  1.3570E+01  6.2390E-02  6.0242E+01  6.6755E+01  9.6150E-04  6.2159E-04  5.9160E-02  9.3162E-01  5.2340E+04  6.5227E-06  2.6955E+04  1.0631E-06
    17  2.0760E+06  3.2740E+13  1.2140E+01  6.0000E-02  5.6894E+01  6.0704E+01  1.0718E-03  6.7347E-04  5.6440E-02  9.3334E-01  4.1064E+04  4.7840E-06  1.6563E+04  8.3240E-07
    18  2.1230E+06  2.6100E+13  1.1250E+01  6.0000E-02  5.2748E+01  5.5252E+01  1.0189E-03  7.8646E-04  5.6324E-02  9.3346E-01  3.5755E+04  4.0945E-06  1.2455E+04  7.2622E-07
    19  2.1690E+06  1.9850E+13  1.0800E+01  6.0000E-02  4.7491E+01  5.0874E+01  7.1762E-04  8.5620E-04  5.6805E-02  9.3491E-01  3.3008E+04  4.3167E-06  1.2290E+04  6.7613E-07
    20  2.2190E+06  1.4770E+13  1.0600E+01  6.0000E-02  4.1945E+01  4.7287E+01  4.1457E-04  8.3976E-04  5.7462E-02  9.3646E-01  3.1015E+04  5.0072E-06  1.3997E+04  6.4610E-07
    21  2.2710E+06  1.1430E+13  1.0210E+01  6.0540E-02  3.7990E+01  4.3715E+01  2.7413E-04  8.3329E-04  5.8303E-02  9.3660E-01  2.8286E+04  5.0354E-06  1.3286E+04  5.9809E-07
    22  2.3220E+06  9.4670E+12  9.3230E+00  6.0000E-02  3.5914E+01  3.9934E+01  2.7828E-04  9.2264E-04  5.7575E-02  9.3695E-01  2.3453E+04  4.0780E-06  8.9190E+03  4.9600E-07
    23  2.3720E+06  7.6660E+12  8.6040E+00  6.0000E-02  3.3592E+01  3.6471E+01  2.6040E-04  1.0108E-03  5.7435E-02  9.3687E-01  1.9803E+04  3.4618E-06  6.3479E+03  4.2068E-07
    24  2.4200E+06  6.2700E+12  7.8920E+00  6.0000E-02  3.1626E+01  3.3282E+01  2.5957E-04  1.1439E-03  5.7169E-02  9.3661E-01  1.6539E+04  2.8749E-06  4.2776E+03  3.5219E-07
    25  2.4660E+06  5.0730E+12  7.3180E+00  6.0000E-02  2.9518E+01  3.0494E+01  2.3745E-04  1.2590E-03  5.6983E-02  9.3649E-01  1.3991E+04  2.5229E-06  3.0941E+03  3.0006E-07