 # E_nu [MeV]:   10.079454858851342     
 # zone, r [cm], rho [g/cm^3], T [MeV], Ye, mu_e [MeV],  mu_hat [MeV], Yh, Ya, Yp, Yn, em_nue [1/s], 1/l_nue [1/cm],em_anue [1/s], 1/l_anue [1/cm], B_IS_nue[1/cm]                                                                                                                                           
     1  5.4700E+05  3.7300E+14  1.2040E+01  3.1340E-01  2.4951E+02  6.0156E+01  0.0000E+00  0.0000E+00  3.1340E-01  6.8660E-01  2.0689E+05  2.6242E-12  8.0515E-03  3.7682E-06  1.8459E-04
     2  7.0230E+05  3.3380E+14  1.1910E+01  3.0730E-01  2.3875E+02  5.8583E+01  0.0000E+00  0.0000E+00  3.0730E-01  6.9270E-01  2.0672E+05  4.8245E-12  1.4534E-02  3.7651E-06  1.7403E-04
     3  8.1580E+05  3.0000E+14  1.1860E+01  3.0200E-01  2.2893E+02  5.6912E+01  0.0000E+00  0.0000E+00  3.0200E-01  6.9800E-01  2.1548E+05  9.4219E-12  2.8183E-02  3.9246E-06  1.6513E-04
     4  9.0730E+05  2.6870E+14  1.1810E+01  2.9670E-01  2.1920E+02  5.5165E+01  0.0000E+00  0.0000E+00  2.9670E-01  7.0330E-01  2.2539E+05  1.8282E-11  5.4292E-02  4.1051E-06  1.5622E-04
     5  9.8500E+05  2.3520E+14  1.3180E+01  2.8900E-01  2.0712E+02  6.1669E+01  3.4876E-03  1.2740E-04  8.3072E-02  2.4454E-01  7.7721E+04  9.9029E-11  3.5119E-01  1.4156E-06  7.9953E-05
     6  1.0560E+06  1.9280E+14  1.7210E+01  2.7710E-01  1.8862E+02  5.6143E+01  7.6348E-03  1.7973E-03  2.2296E-01  6.0881E-01  6.4674E+05  1.8965E-08  9.6226E+01  1.1780E-05  1.5014E-04
     7  1.1400E+06  1.2070E+14  2.7950E+01  2.6290E-01  1.4701E+02  6.3438E+01  4.1449E-03  5.7046E-03  2.4087E-01  7.0754E-01  1.4061E+06  3.5427E-06  2.8306E+04  2.5712E-05  1.4016E-04
     8  1.2550E+06  7.2210E+13  3.6170E+01  2.4570E-01  1.0273E+02  6.9171E+01  6.4563E-04  3.1019E-03  2.3785E-01  7.4591E-01  1.2852E+06  2.3218E-05  2.2479E+05  2.4174E-05  9.5533E-05
     9  1.3920E+06  5.5810E+13  3.7080E+01  2.1720E-01  8.1435E+01  7.4503E+01  2.6859E-04  1.8602E-03  2.1280E-01  7.7821E-01  9.2657E+05  3.4839E-05  3.5042E+05  1.7860E-05  7.5669E-05
    10  1.5260E+06  5.3430E+13  3.3760E+01  1.7230E-01  7.4434E+01  8.3014E+01  2.3737E-04  1.4493E-03  1.6884E-01  8.2395E-01  6.1896E+05  3.7284E-05  3.5741E+05  1.1995E-05  7.2244E-05
    11  1.6400E+06  5.6720E+13  2.8580E+01  1.2970E-01  7.3847E+01  8.8849E+01  3.3957E-04  1.2025E-03  1.2654E-01  8.6650E-01  3.8496E+05  3.2314E-05  2.7535E+05  7.3892E-06  7.4815E-05
    12  1.7380E+06  5.7920E+13  2.3920E+01  1.0440E-01  7.3850E+01  8.7771E+01  5.0924E-04  1.0048E-03  1.0130E-01  8.9133E-01  2.4342E+05  2.3377E-05  1.7142E+05  4.6132E-06  7.3679E-05
    13  1.8250E+06  5.4520E+13  2.0540E+01  9.0800E-02  7.1947E+01  8.2903E+01  6.4412E-04  8.8000E-04  8.7683E-02  9.0447E-01  1.6610E+05  1.6430E-05  1.0403E+05  3.1224E-06  6.7421E-05
    14  1.9030E+06  4.8920E+13  1.7920E+01  8.0680E-02  6.8330E+01  7.7346E+01  7.3751E-04  7.8761E-04  7.7564E-02  9.1426E-01  1.1606E+05  1.2078E-05  6.5974E+04  2.1726E-06  5.9326E-05
    15  1.9690E+06  4.3960E+13  1.5530E+01  7.0420E-02  6.4395E+01  7.2044E+01  8.4758E-04  6.8434E-04  6.7293E-02  9.2410E-01  7.7701E+04  8.8212E-06  4.0364E+04  1.4488E-06  5.2025E-05
    16  2.0260E+06  3.8800E+13  1.3570E+01  6.2390E-02  6.0242E+01  6.6755E+01  9.6150E-04  6.2159E-04  5.9160E-02  9.3162E-01  5.2923E+04  6.5954E-06  2.4953E+04  9.8415E-07  4.5012E-05
    17  2.0760E+06  3.2740E+13  1.2140E+01  6.0000E-02  5.6894E+01  6.0704E+01  1.0718E-03  6.7347E-04  5.6440E-02  9.3334E-01  4.1521E+04  4.8373E-06  1.5333E+04  7.7060E-07  3.7943E-05
    18  2.1230E+06  2.6100E+13  1.1250E+01  6.0000E-02  5.2748E+01  5.5252E+01  1.0189E-03  7.8646E-04  5.6324E-02  9.3346E-01  3.6154E+04  4.1402E-06  1.1531E+04  6.7230E-07  3.0994E-05
    19  2.1690E+06  1.9850E+13  1.0800E+01  6.0000E-02  4.7491E+01  5.0874E+01  7.1762E-04  8.5620E-04  5.6805E-02  9.3491E-01  3.3376E+04  4.3649E-06  1.1378E+04  6.2593E-07  2.4575E-05
    20  2.2190E+06  1.4770E+13  1.0600E+01  6.0000E-02  4.1945E+01  4.7287E+01  4.1457E-04  8.3976E-04  5.7462E-02  9.3646E-01  3.1361E+04  5.0630E-06  1.2958E+04  5.9813E-07  1.9069E-05
    21  2.2710E+06  1.1430E+13  1.0210E+01  6.0540E-02  3.7990E+01  4.3715E+01  2.7413E-04  8.3329E-04  5.8303E-02  9.3660E-01  2.8601E+04  5.0915E-06  1.2299E+04  5.5368E-07  1.5121E-05
    22  2.3220E+06  9.4670E+12  9.3230E+00  6.0000E-02  3.5914E+01  3.9934E+01  2.7828E-04  9.2264E-04  5.7575E-02  9.3695E-01  2.3714E+04  4.1234E-06  8.2568E+03  4.5918E-07  1.2586E-05
    23  2.3720E+06  7.6660E+12  8.6040E+00  6.0000E-02  3.3592E+01  3.6471E+01  2.6040E-04  1.0108E-03  5.7435E-02  9.3687E-01  2.0024E+04  3.5004E-06  5.8766E+03  3.8945E-07  1.0276E-05
    24  2.4200E+06  6.2700E+12  7.8920E+00  6.0000E-02  3.1626E+01  3.3282E+01  2.5957E-04  1.1439E-03  5.7169E-02  9.3661E-01  1.6723E+04  2.9070E-06  3.9600E+03  3.2604E-07  8.4526E-06
    25  2.4660E+06  5.0730E+12  7.3180E+00  6.0000E-02  2.9518E+01  3.0494E+01  2.3745E-04  1.2590E-03  5.6983E-02  9.3649E-01  1.4147E+04  2.5510E-06  2.8644E+03  2.7778E-07  6.8895E-06