 # E_nu [MeV]:   10.079454858851342     
# r[cm] rho[g/cm^3] T[MeV] Ye mu_e[MeV] mu_hat[MeV] Yp Yn 1/l_nue[1/cm] 1/l_anue[1/cm]
547000 3.73e+14 12.04 0.3134 249.51 60.156 0.3134 0.6866 2.59503e-12 4.07029e-06
702300 3.338e+14 11.91 0.3073 249.51 60.156 0.3073 0.6927 1.93185e-12 3.56066e-06
815800 3e+14 11.86 0.302 249.51 60.156 0.302 0.698 1.63954e-12 3.21842e-06
907300 2.687e+14 11.81 0.2967 249.51 60.156 0.2967 0.7033 1.38473e-12 2.89652e-06
985000 2.352e+14 13.18 0.289 249.51 60.156 0.083072 0.24454 3.9318e-12 1.71705e-06
1.056e+06 1.928e+14 17.21 0.2771 249.51 60.156 0.22296 0.60881 5.4062e-10 9.99493e-06
1.14e+06 1.207e+14 27.95 0.2629 249.51 60.156 0.24087 0.70754 9.15015e-08 3.18071e-05
1.255e+06 7.221e+13 36.17 0.2457 249.51 60.156 0.23785 0.74591 4.50029e-07 3.68176e-05
1.392e+06 5.581e+13 37.08 0.2172 249.51 60.156 0.2128 0.77821 4.59327e-07 3.33067e-05
1.526e+06 5.343e+13 33.76 0.1723 249.51 60.156 0.16884 0.82395 2.61645e-07 3.04084e-05
1.64e+06 5.672e+13 28.58 0.1297 249.51 60.156 0.12654 0.8665 8.27918e-08 2.50109e-05
1.738e+06 5.792e+13 23.92 0.1044 249.51 60.156 0.1013 0.89133 1.70141e-08 1.72902e-05
1.825e+06 5.452e+13 20.54 0.0908 249.51 60.156 0.087683 0.90447 3.12443e-09 1.08022e-05
1.903e+06 4.892e+13 17.92 0.08068 249.51 60.156 0.077564 0.91426 5.17057e-10 6.34566e-06
1.969e+06 4.396e+13 15.53 0.07042 249.51 60.156 0.067293 0.9241 6.06692e-11 3.43337e-06
2.026e+06 3.88e+13 13.57 0.06239 249.51 60.156 0.05916 0.93162 5.89935e-12 1.74762e-06
2.076e+06 3.274e+13 12.14 0.06 249.51 60.156 0.05644 0.93334 6.30087e-13 8.74986e-07
2.123e+06 2.61e+13 11.25 0.06 249.51 60.156 0.056324 0.93346 1.06201e-13 4.70363e-07
2.169e+06 1.985e+13 10.8 0.06 249.51 60.156 0.056805 0.93491 3.34402e-14 2.86324e-07
2.219e+06 1.477e+13 10.6 0.06 249.51 60.156 0.057462 0.93646 1.64242e-14 1.91916e-07
2.271e+06 1.143e+13 10.21 0.06054 249.51 60.156 0.058303 0.9366 5.38054e-15 1.19397e-07
2.322e+06 9.467e+12 9.323 0.06 249.51 60.156 0.057575 0.93695 4.84493e-16 5.64586e-08
2.372e+06 7.666e+12 8.604 0.06 249.51 60.156 0.057435 0.93687 4.63829e-17 2.66476e-08
2.42e+06 6.27e+12 7.892 0.06 249.51 60.156 0.057169 0.93661 3.12255e-18 1.1594e-08
2.466e+06 5.073e+12 7.318 0.06 249.51 60.156 0.056983 0.93649 2.3548e-19 5.15837e-09
2.511e+06 4.093e+12 6.831 0.06 249.51 60.156 0.056848 0.93643 1.72712e-20 2.3161e-09
2.555e+06 3.28e+12 6.456 0.06 249.51 60.156 0.056823 0.9365 0 1.11291e-09
2.597e+06 2.617e+12 6.161 0.06 249.51 60.156 0.056933 0.9367 0 5.68405e-10
2.639e+06 2.084e+12 5.939 0.06001 249.51 60.156 0.057196 0.93703 0 3.14246e-10
2.681e+06 1.651e+12 5.789 0.06001 249.51 60.156 0.057667 0.93757 0 1.91499e-10
2.724e+06 1.299e+12 5.703 0.06 249.51 60.156 0.058187 0.93815 0 1.28826e-10
2.767e+06 1.019e+12 5.618 0.06502 249.51 60.156 0.063428 0.93337 0 8.51689e-11
2.811e+06 7.948e+11 5.584 0.07362 249.51 60.156 0.072286 0.92504 0 6.10074e-11
2.857e+06 6.182e+11 5.581 0.08301 249.51 60.156 0.082001 0.91598 0 4.61392e-11
2.906e+06 4.772e+11 5.62 0.0953 249.51 60.156 0.094607 0.90401 0 3.72509e-11
2.957e+06 3.665e+11 5.661 0.1127 249.51 60.156 0.11223 0.88683 0 2.95864e-11
3.013e+06 2.798e+11 5.743 0.1322 249.51 60.156 0.13193 0.86754 0 2.4965e-11
3.074e+06 2.105e+11 5.855 0.1579 249.51 60.156 0.15775 0.84195 0 2.13448e-11
3.142e+06 1.565e+11 5.977 0.1901 249.51 60.156 0.19002 0.80982 0 1.77299e-11
3.221e+06 1.157e+11 6.068 0.2232 249.51 60.156 0.22316 0.77676 0 1.36151e-11
3.313e+06 8.423e+10 6.138 0.2608 249.51 60.156 0.26078 0.73918 0 9.59079e-12
3.424e+06 6.067e+10 6.147 0.3003 249.51 60.156 0.30029 0.69969 0 5.85074e-12
3.559e+06 4.37e+10 6.079 0.3299 249.51 60.156 0.3299 0.6701 0 3.21736e-12
3.725e+06 3.141e+10 5.93 0.3603 249.51 60.156 0.3603 0.6397 0 1.48111e-12
3.931e+06 2.253e+10 5.714 0.389 249.51 60.156 0.389 0.611 0 5.75257e-13
4.185e+06 1.629e+10 5.442 0.4068 249.51 60.156 0.4068 0.5932 0 2.06341e-13
4.498e+06 1.182e+10 5.137 0.4198 249.51 60.156 0.4198 0.5802 0 6.68349e-14
4.877e+06 8.66e+09 4.801 0.4392 249.51 60.156 0.4392 0.5608 0 1.6357e-14
5.32e+06 6.553e+09 4.445 0.4517 249.51 60.156 0.4517 0.5483 0 3.60451e-15
5.826e+06 4.995e+09 4.094 0.4664 249.51 60.156 0.4664 0.5336 0 5.98998e-16
6.379e+06 3.909e+09 3.756 0.478 249.51 60.156 0.478 0.522 0 8.18054e-17
6.957e+06 3.119e+09 3.444 0.487 249.51 60.156 0.487 0.513 0 9.03907e-18
7.53e+06 2.551e+09 3.163 0.4936 249.51 60.156 0.4936 0.5064 0 7.71147e-19
8.068e+06 2.137e+09 2.917 0.4971 249.51 60.156 0.4971 0.5029 0 5.88684e-20
8.547e+06 1.832e+09 2.71 0.4985 249.51 60.156 0.4985 0.5015 0 5.40236e-21
8.951e+06 1.61e+09 2.544 0.4987 249.51 60.156 0.49869 0.50129 0 9.66688e-22
9.275e+06 1.45e+09 2.412 0.4977 249.51 60.156 0.49769 0.50229 0 4.22284e-22
9.526e+06 1.334e+09 2.312 0.4969 249.51 60.156 0.49689 0.50309 0 1.78049e-22
9.713e+06 1.252e+09 2.237 0.496 249.51 60.156 0.49598 0.50398 0 9.01223e-23
9.849e+06 1.197e+09 2.183 0.4953 249.51 60.156 0.49527 0.50467 0 5.20555e-23
9.945e+06 1.155e+09 2.142 0.4948 249.51 60.156 0.49476 0.50516 0 3.27935e-23
1.002e+07 1e+09 2.025 0.4943 249.51 60.156 0.49422 0.50562 0 6.14294e-24
1.009e+07 7.251e+08 1.755 0.494 249.51 60.156 0.49364 0.50564 0 4.85527e-26
1.018e+07 5.013e+08 1.401 0.4936 249.51 60.156 0.47128 0.48408 0 6.20193e-30
1.028e+07 3.38e+08 1.103 0.4933 249.51 60.156 0.24985 0.26326 0 4.01305e-35
1.043e+07 2.281e+08 0.9347 0.4932 249.51 60.156 0.10011 0.11371 0 1.49274e-39
1.066e+07 1.596e+08 0.8191 0.4931 249.51 60.156 0.036617 0.04996 0 1.16393e-43
1.101e+07 1.232e+08 0.7268 0.4933 249.51 60.156 0.015842 0.018833 0 1.79277e-48
1.151e+07 1.088e+08 0.7087 0.4934 249.51 60.156 0.014689 0.013304 -0 -8.8538e-50
1.218e+07 1.014e+08 0.6989 0.4936 249.51 60.156 0.013509 0.010243 -0 -5.91832e-50
1.307e+07 9.243e+07 0.6858 0.4939 249.51 60.156 0.012848 0.0079595 -0 -1.55989e-50
1.42e+07 8.261e+07 0.6693 0.4942 249.51 60.156 0.014275 0.0071794 -0 -2.32804e-51
1.561e+07 7.257e+07 0.6495 0.4946 249.51 60.156 0.016022 0.0048497 -0 -2.07931e-52
1.734e+07 6.272e+07 0.6267 0.4949 249.51 60.156 0.017329 0.0010474 -0 -9.01021e-54
1.943e+07 5.349e+07 0.6014 0.4953 249.51 60.156 0.018922 0.00080687 -0 -1.50739e-55
2.193e+07 4.513e+07 0.5743 0.4957 249.51 60.156 0.021924 0.00010084 -0 -1.36585e-57
2.488e+07 3.775e+07 0.5463 0.4961 249.51 60.156 0.021375 6.6719e-05 -0 -5.19878e-60
2.833e+07 3.139e+07 0.5181 0.4964 249.51 60.156 0.021048 8.4481e-06 -0 -1.06489e-62
3.237e+07 2.598e+07 0.4904 0.4968 249.51 60.156 0.018751 3.969e-06 -0 -1.11376e-65
3.707e+07 2.143e+07 0.4635 0.4971 249.51 60.156 0.015832 5.4569e-07 -0 -6.27964e-69
4.253e+07 1.763e+07 0.4377 0.4974 249.51 60.156 0.01191 7.8858e-08 -0 -1.84977e-72
4.885e+07 1.449e+07 0.4131 0.4977 249.51 60.156 0.0086822 2.6296e-08 -0 -3.09207e-76
5.616e+07 1.189e+07 0.39 0.4979 249.51 60.156 0.0055958 2.6028e-09 -0 -2.93564e-80
6.461e+07 9.75e+06 0.3682 0.4982 249.51 60.156 0.0034822 7.5828e-10 -0 -1.61937e-84
7.436e+07 7.991e+06 0.3478 0.4984 249.51 60.156 0.0021799 1.0312e-10 -0 -5.7245e-89
8.559e+07 6.545e+06 0.3287 0.4986 249.51 60.156 0.0011255 6.4687e-12 -0 -1.04502e-93
9.851e+07 5.357e+06 0.3109 0.4987 249.51 60.156 0.00070468 2.857e-12 -0 -1.50745e-98
1.133e+08 4.379e+06 0.2942 0.4989 249.51 60.156 0.00036491 1.7392e-13 -0 -1.08371e-103
1.303e+08 3.572e+06 0.2786 0.4991 249.51 60.156 0.00018948 3.8693e-14 -0 -4.8916e-109
1.497e+08 2.904e+06 0.2639 0.4992 249.51 60.156 0.00010396 3.1437e-15 -0 -1.30424e-114
1.719e+08 2.349e+06 0.2499 0.4994 249.51 60.156 4.2073e-05 7.629e-17 -0 -1.21425e-120
1.972e+08 1.886e+06 0.2365 0.4996 249.51 60.156 2.4827e-05 2.7695e-17 -0 -6.86264e-127
2.26e+08 1.499e+06 0.2237 0.4997 249.51 60.156 9.8553e-06 5.4928e-19 -0 -1.03428e-133
2.592e+08 1.181e+06 0.2113 0.4998 249.51 60.156 4.1531e-06 9.3587e-20 -0 -4.81036e-141
2.971e+08 929700 0.1991 0.4999 249.51 60.156 1.7646e-06 1.6086e-21 -0 -4.26902e-149
3.4e+08 739900 0.187 0.4999 249.51 60.156 4.8512e-07 1.3046e-23 -0 -3.01865e-158
3.875e+08 598300 0.1751 0.5 249.51 60.156 1.4673e-07 2.7626e-25 -0 -2.36321e-168
4.387e+08 489100 0.1637 0.5 249.51 60.156 4.6287e-08 1.3048e-27 -0 -2.48025e-179
4.927e+08 399800 0.1528 0.5 249.51 60.156 1.081e-08 1.1486e-30 -0 -1.95303e-191
5.491e+08 319800 0.1418 0.5 249.51 60.156 1.0809e-09 5.6351e-34 -0 -8.51646e-206
6.099e+08 241800 0.1291 0.5 249.51 60.156 2.3877e-11 3.1524e-37 -0 -1.06806e-225
6.469e+08 169000 0.1144 0.5 249.51 60.156 2.9686e-13 0 -0 -9.21097e-254
