# CCSN 1D profile
#
#  1: index
#  2: radius (cm)
#  3: matter density (g cm^-3)
#  4: temperature (MeV)
#  5: electron fraction (#/baryon)
#  6: electron chemical potential w/ rest mass (MeV)
#  7: neutron - proton chemical potential difference w/o rest mass (MeV)
#  8: heavy nuclei fraction   (#/baryon)
#  9: alpha particle fraction (#/baryon)
# 10: proton fraction  (#/baryon)
# 11: neutron fraction (#/baryon)
# 12: neutron - proton RMF potential difference (MeV)
#
     1    5.47000000E+0005    3.73000000E+0014    1.20400000E+0001    3.13400000E-0001    2.49508948E+0002    6.01555296E+0001    0.00000000E+0000    0.00000000E+0000    3.13400000E-0001    6.86600000E-0001    1.72593380E+0001
     2    7.02300000E+0005    3.33800000E+0014    1.19100000E+0001    3.07300000E-0001    2.38752549E+0002    5.85830726E+0001    0.00000000E+0000    0.00000000E+0000    3.07300000E-0001    6.92700000E-0001    1.87712369E+0001
     3    8.15800000E+0005    3.00000000E+0014    1.18600000E+0001    3.02000000E-0001    2.28926439E+0002    5.69118076E+0001    0.00000000E+0000    0.00000000E+0000    3.02000000E-0001    6.98000000E-0001    1.99546248E+0001
     4    9.07300000E+0005    2.68700000E+0014    1.18100000E+0001    2.96700000E-0001    2.19204883E+0002    5.51648005E+0001    0.00000000E+0000    0.00000000E+0000    2.96700000E-0001    7.03299990E-0001    2.09141059E+0001
     5    9.85000000E+0005    2.35200000E+0014    1.31800000E+0001    2.89000000E-0001    2.07118186E+0002    6.16687769E+0001    3.48757522E-0003    1.27396620E-0004    8.30717549E-0002    2.44538788E-0001    2.59626160E+0001
     6    1.05600000E+0006    1.92800000E+0014    1.72100000E+0001    2.77100000E-0001    1.88615486E+0002    5.61427594E+0001    7.63483657E-0003    1.79727839E-0003    2.22956734E-0001    6.08813168E-0001    2.38798806E+0001
     7    1.14000000E+0006    1.20700000E+0014    2.79500000E+0001    2.62900000E-0001    1.47010456E+0002    6.34382149E+0001    4.14486599E-0003    5.70457530E-0003    2.40869422E-0001    7.07543175E-0001    2.22728075E+0001
     8    1.25500000E+0006    7.22100000E+0013    3.61700000E+0001    2.45700000E-0001    1.02725311E+0002    6.91709403E+0001    6.45628493E-0004    3.10186544E-0003    2.37852430E-0001    7.45906156E-0001    1.68976007E+0001
     9    1.39200000E+0006    5.58100000E+0013    3.70800000E+0001    2.17200000E-0001    8.14350689E+0001    7.45027925E+0001    2.68586126E-0004    1.86016753E-0003    2.12801644E-0001    7.78209346E-0001    1.52466849E+0001
    10    1.52600000E+0006    5.34300000E+0013    3.37600000E+0001    1.72300000E-0001    7.44336076E+0001    8.30137561E+0001    2.37372759E-0004    1.44933522E-0003    1.68838042E-0001    8.23945213E-0001    1.69541112E+0001
    11    1.64000000E+0006    5.67200000E+0013    2.85800000E+0001    1.29700000E-0001    7.38468475E+0001    8.88492688E+0001    3.39565483E-0004    1.20248793E-0003    1.26544579E-0001    8.66502519E-0001    1.99622118E+0001
    12    1.73800000E+0006    5.79200000E+0013    2.39200000E+0001    1.04400000E-0001    7.38499899E+0001    8.77708662E+0001    5.09236115E-0004    1.00477521E-0003    1.01302896E-0001    8.91331920E-0001    2.15682326E+0001
    13    1.82500000E+0006    5.45200000E+0013    2.05400000E+0001    9.08000000E-0002    7.19473506E+0001    8.29025526E+0001    6.44118936E-0004    8.79995743E-0004    8.76826502E-0002    9.04465726E-0001    2.11946037E+0001
    14    1.90300000E+0006    4.89200000E+0013    1.79200000E+0001    8.06800000E-0002    6.83296044E+0001    7.73458638E+0001    7.37507171E-0004    7.87612513E-0004    7.75637209E-0002    9.14256174E-0001    1.98565716E+0001
    15    1.96900000E+0006    4.39600000E+0013    1.55300000E+0001    7.04200000E-0002    6.43954415E+0001    7.20435094E+0001    8.47581832E-0004    6.84342625E-0004    6.72925272E-0002    9.24099426E-0001    1.85827350E+0001
    16    2.02600000E+0006    3.88000000E+0013    1.35700000E+0001    6.23900000E-0002    6.02424351E+0001    6.67551085E+0001    9.61504413E-0004    6.21594342E-0004    5.91600193E-0002    9.31615488E-0001    1.70019452E+0001
    17    2.07600000E+0006    3.27400000E+0013    1.21400000E+0001    6.00000000E-0002    5.68937791E+0001    6.07037819E+0001    1.07175029E-0003    6.73469849E-0004    5.64401008E-0002    9.33342696E-0001    1.47461323E+0001
    18    2.12300000E+0006    2.61000000E+0013    1.12500000E+0001    6.00000000E-0002    5.27483283E+0001    5.52517277E+0001    1.01889107E-0003    7.86463397E-0004    5.63237664E-0002    9.33462656E-0001    1.20435863E+0001
    19    2.16900000E+0006    1.98500000E+0013    1.08000000E+0001    6.00000000E-0002    4.74910473E+0001    5.08736382E+0001    7.17615524E-0004    8.56203198E-0004    5.68048791E-0002    9.34914339E-0001    9.38123612E+0000
    20    2.21900000E+0006    1.47700000E+0013    1.06000000E+0001    6.00000000E-0002    4.19450413E+0001    4.72872609E+0001    4.14566495E-0004    8.39756306E-0004    5.74623172E-0002    9.36457679E-0001    7.12884896E+0000
    21    2.27100000E+0006    1.14300000E+0013    1.02100000E+0001    6.05400000E-0002    3.79895964E+0001    4.37146756E+0001    2.74128988E-0004    8.33292555E-0004    5.83027591E-0002    9.36602027E-0001    5.58514475E+0000
    22    2.32200000E+0006    9.46700000E+0012    9.32300000E+0000    6.00000000E-0002    3.59138978E+0001    3.99344245E+0001    2.78284208E-0004    9.22637526E-0004    5.75749907E-0002    9.36952672E-0001    4.66665161E+0000
    23    2.37200000E+0006    7.66600000E+0012    8.60400000E+0000    6.00000000E-0002    3.35915642E+0001    3.64707950E+0001    2.60396744E-0004    1.01081477E-0003    5.74348219E-0002    9.36867115E-0001    3.80848097E+0000
    24    2.42000000E+0006    6.27000000E+0012    7.89200000E+0000    6.00000000E-0002    3.16262971E+0001    3.32815640E+0001    2.59570794E-0004    1.14385695E-0003    5.71691487E-0002    9.36614326E-0001    3.13314348E+0000
    25    2.46600000E+0006    5.07300000E+0012    7.31800000E+0000    6.00000000E-0002    2.95177177E+0001    3.04937909E+0001    2.37451165E-0004    1.25896936E-0003    5.69831574E-0002    9.36490534E-0001    2.54803493E+0000
    26    2.51100000E+0006    4.09300000E+0012    6.83100000E+0000    6.00000000E-0002    2.74662901E+0001    2.80243415E+0001    2.06771862E-0004    1.35749048E-0003    5.68482270E-0002    9.36433862E-0001    2.06859774E+0000
    27    2.55500000E+0006    3.28000000E+0012    6.45600000E+0000    6.00000000E-0002    2.53547798E+0001    2.59066245E+0001    1.67840895E-0004    1.40991914E-0003    5.68233240E-0002    9.36500871E-0001    1.66697223E+0000
    28    2.59700000E+0006    2.61700000E+0012    6.16100000E+0000    6.00000000E-0002    2.32736666E+0001    2.40488644E+0001    1.26365500E-0004    1.39825506E-0003    5.69326559E-0002    9.36701730E-0001    1.33677164E+0000
    29    2.63900000E+0006    2.08400000E+0012    5.93900000E+0000    6.00100000E-0002    2.12435145E+0001    2.24538251E+0001    8.75576640E-0005    1.31199354E-0003    5.71963185E-0002    9.37025861E-0001    1.07045028E+0000
    30    2.68100000E+0006    1.65100000E+0012    5.78900000E+0000    6.00100000E-0002    1.92274075E+0001    2.10778767E+0001    5.17106062E-0005    1.11456545E-0003    5.76668929E-0002    9.37565539E-0001    8.51740018E-0001
    31    2.72400000E+0006    1.29900000E+0012    5.70300000E+0000    6.00000000E-0002    1.71871337E+0001    1.99529034E+0001    2.86306508E-0005    8.74192599E-0004    5.81873848E-0002    9.38146877E-0001    6.73156251E-0001
    32    2.76700000E+0006    1.01900000E+0012    5.61800000E+0000    6.50200000E-0002    1.59064952E+0001    1.84569669E+0001    1.84432480E-0005    7.74577640E-0004    6.34281920E-0002    9.33366500E-0001    5.24063909E-0001
    33    2.81100000E+0006    7.94800000E+0011    5.58400000E+0000    7.36200000E-0002    1.49402118E+0001    1.68833683E+0001    1.12290749E-0005    6.53262409E-0004    7.22863704E-0002    9.25036958E-0001    4.01728033E-0001
    34    2.85700000E+0006    6.18200000E+0011    5.58100000E+0000    8.30100000E-0002    1.39024186E+0001    1.55309026E+0001    6.39945245E-0006    4.96244117E-0004    8.20013585E-0002    9.15978410E-0001    3.06465080E-0001
    35    2.90600000E+0006    4.77200000E+0011    5.62000000E+0000    9.53000000E-0002    1.29047396E+0001    1.42497821E+0001    3.44461549E-0006    3.41837344E-0004    9.46072102E-0002    9.04007087E-0001    2.30111810E-0001
    36    2.95700000E+0006    3.66500000E+0011    5.66100000E+0000    1.12700000E-0001    1.21156590E+0001    1.28565413E+0001    1.94835252E-0006    2.30338851E-0004    1.12233941E-0001    8.86834685E-0001    1.69417465E-0001
    37    3.01300000E+0006    2.79800000E+0011    5.74300000E+0000    1.32200000E-0001    1.11711120E+0001    1.16446493E+0001    9.72716743E-0007    1.31439197E-0004    1.31934346E-0001    8.67535068E-0001    1.22931865E-0001
    38    3.07400000E+0006    2.10500000E+0011    5.85500000E+0000    1.57900000E-0001    1.02087453E+0001    1.03837724E+0001    5.13054855E-0007    7.33118086E-0005    1.57751871E-0001    8.41952423E-0001    8.60835215E-0002
    39    3.14200000E+0006    1.56500000E+0011    5.97700000E+0000    1.90100000E-0001    9.23516947E+0000    9.04982838E+0000    2.69487265E-0007    3.79191522E-0005    1.90023375E-0001    8.09823701E-0001    5.80003319E-0002
    40    3.22100000E+0006    1.15700000E+0011    6.06800000E+0000    2.23200000E-0001    8.16264797E+0000    7.81931117E+0000    1.33969402E-0007    1.81773670E-0005    2.23163253E-0001    7.76763435E-0001    3.82898590E-0002
    41    3.31300000E+0006    8.42300000E+0010    6.13800000E+0000    2.60800000E-0001    7.08393661E+0000    6.54768640E+0000    6.37944062E-0008    8.25314061E-0006    2.60783310E-0001    7.39183398E-0001    2.41349127E-0002
    42    3.42400000E+0006    6.06700000E+0010    6.14700000E+0000    3.00300000E-0001    6.05425222E+0000    5.28747420E+0000    2.61271147E-0008    3.70043754E-0006    3.00292505E-0001    6.99692581E-0001    1.45235460E-0002
    43    3.55900000E+0006    4.37000000E+0010    6.07900000E+0000    3.29900000E-0001    5.03783946E+0000    4.35927423E+0000    1.77653797E-0008    1.74550702E-0006    3.29896451E-0001    6.70096492E-0001    8.93419864E-0003
    44    3.72500000E+0006    3.14100000E+0010    5.93000000E+0000    3.60300000E-0001    4.22849420E+0000    3.43109935E+0000    1.27903866E-0008    8.65978802E-0007    3.60298227E-0001    6.39698256E-0001    5.28839237E-0003
    45    3.93100000E+0006    2.25300000E+0010    5.71400000E+0000    3.89000000E-0001    3.56456785E+0000    2.59011922E+0000    7.14975193E-0010    4.59332594E-0007    3.88999083E-0001    6.10999077E-0001    3.03013951E-0003
    46    4.18500000E+0006    1.62900000E+0010    5.44200000E+0000    4.06800000E-0001    3.00298926E+0000    2.05541309E+0000    2.42616949E-0009    2.94444521E-0007    4.06799401E-0001    5.93199411E-0001    7.08572084E-0005
    47    4.49800000E+0006    1.18200000E+0010    5.13700000E+0000    4.19800000E-0001    2.53751559E+0000    1.66058880E+0000    0.00000000E+0000    1.96100849E-0007    4.19799616E-0001    5.80199605E-0001    5.09943258E-0005
    48    4.87700000E+0006    8.66000000E+0009    4.80100000E+0000    4.39200000E-0001    2.22933145E+0000    1.16824059E+0000    0.00000000E+0000    1.40492432E-0007    4.39199721E-0001    5.60799717E-0001    3.75871063E-0005
    49    5.32000000E+0006    6.55300000E+0009    4.44500000E+0000    4.51700000E-0001    2.02939455E+0000    8.55871663E-0001    2.70332749E-0009    1.41227582E-0007    4.51699722E-0001    5.48299701E-0001    2.98785717E-0005
    50    5.82600000E+0006    4.99500000E+0009    4.09400000E+0000    4.66400000E-0001    1.88392061E+0000    5.44879256E-0001    0.00000000E+0000    1.57145289E-0007    4.66399688E-0001    5.33599695E-0001    2.41937812E-0005
    51    6.37900000E+0006    3.90900000E+0009    3.75600000E+0000    4.78000000E-0001    1.79377981E+0000    3.24313353E-0001    6.51274054E-0010    2.06513427E-0007    4.77999592E-0001    5.21999579E-0001    2.05928262E-0005
    52    6.95700000E+0006    3.11900000E+0009    3.44400000E+0000    4.87000000E-0001    1.73122274E+0000    1.72738574E-0001    0.00000000E+0000    3.06317144E-0007    4.86999384E-0001    5.12999393E-0001    1.81253430E-0005
    53    7.53000000E+0006    2.55100000E+0009    3.16300000E+0000    4.93600000E-0001    1.69678784E+0000    7.47814491E-0002    3.92188373E-0009    5.14521954E-0007    4.93598959E-0001    5.06398965E-0001    1.65661877E-0005
    54    8.06800000E+0006    2.13700000E+0009    2.91700000E+0000    4.97100000E-0001    1.67646454E+0000    2.79657610E-0002    0.00000000E+0000    9.33725394E-0007    4.97098135E-0001    5.02898138E-0001    1.56311714E-0005
    55    8.54700000E+0006    1.83200000E+0009    2.71000000E+0000    4.98500000E-0001    1.66057866E+0000    1.07421550E-0002    1.36938008E-0009    1.62886319E-0006    4.98496739E-0001    5.01496739E-0001    1.50127163E-0005
    56    8.95100000E+0006    1.61000000E+0009    2.54400000E+0000    4.98700000E-0001    1.65125495E+0000    8.04042896E-0003    1.47166585E-0009    2.61767990E-0006    4.98694759E-0001    5.01294763E-0001    1.47108072E-0005
    57    9.27500000E+0006    1.45000000E+0009    2.41200000E+0000    4.97700000E-0001    1.64654806E+0000    1.73134182E-0002    3.88699321E-0009    5.33821443E-0006    4.97689314E-0001    5.02289314E-0001    1.47173305E-0005
    58    9.52600000E+0006    1.33400000E+0009    2.31200000E+0000    4.96900000E-0001    1.63892809E+0000    2.40086069E-0002    3.47449800E-0009    6.76215450E-0006    4.96886467E-0001    5.03086468E-0001    1.45883870E-0005
    59    9.71300000E+0006    1.25200000E+0009    2.23700000E+0000    4.96000000E-0001    1.63610126E+0000    3.13249222E-0002    5.21233436E-0009    1.21130079E-0005    4.95975759E-0001    5.03975763E-0001    1.47809770E-0005
    60    9.84900000E+0006    1.19700000E+0009    2.18300000E+0000    4.95300000E-0001    1.63771157E+0000    3.67164262E-0002    5.47151947E-0009    1.61178755E-0005    4.95267745E-0001    5.04667757E-0001    1.49817128E-0005
    61    9.94500000E+0006    1.15500000E+0009    2.14200000E+0000    4.94800000E-0001    1.63535504E+0000    4.03216940E-0002    6.88918580E-0009    1.81614964E-0005    4.94763652E-0001    5.05163668E-0001    1.50081056E-0005
    62    1.00200000E+0007    1.00000000E+0009    2.02500000E+0000    4.94300000E-0001    1.58105536E+0000    4.21916222E-0002    6.82509759E-0009    3.83571577E-0005    4.94223258E-0001    5.05623280E-0001    1.49886910E-0005
    63    1.00900000E+0007    7.25100000E+0008    1.75500000E+0000    4.94000000E-0001    1.50894715E+0000    3.86896156E-0002    3.31295461E-0008    1.80390485E-0004    4.93639122E-0001    5.05639150E-0001    1.80435569E-0005
    64    1.01800000E+0007    5.01300000E+0008    1.40100000E+0000    4.93600000E-0001    1.56851803E+0000    3.50823962E-0002    1.39876940E-0006    1.11603520E-0002    4.71275091E-0001    4.84076397E-0001    2.79050043E-0004
    65    1.02800000E+0007    3.38000000E+0008    1.10300000E+0000    4.93300000E-0001    1.59864376E+0000    5.87175185E-0002    8.88918658E-0006    1.21708564E-0001    2.49852556E-0001    2.63257669E-0001    2.53560184E-0003
    66    1.04300000E+0007    2.28100000E+0008    9.34700000E-0001    4.93200000E-0001    1.46952647E+0000    1.32541002E-0001    1.09918665E-0005    1.96524628E-0001    1.00107481E-0001    1.13709529E-0001    3.58395740E-0003
    67    1.06600000E+0007    1.59600000E+0008    8.19100000E-0001    4.93100000E-0001    1.33329952E+0000    2.75576581E-0001    3.18316433E-0004    2.27132880E-0001    3.66168115E-0002    4.99596714E-0002    3.76826273E-0003
    68    1.10100000E+0007    1.23200000E+0008    7.26800000E-0001    4.93300000E-0001    1.27630183E+0000   -1.02523682E-0001    3.03567629E-0003    2.08846206E-0001    1.58421632E-0002    1.88333259E-0002    5.47925976E-0003
    69    1.15100000E+0007    1.08800000E+0008    7.08700000E-0001    4.93400000E-0001    1.20757120E+0000   -2.55972288E-0001    3.87577994E-0003    1.99145329E-0001    1.46885832E-0002    1.33040425E-0002    5.90122305E-0003
    70    1.21800000E+0007    1.01400000E+0008    6.98900000E-0001    4.93600000E-0001    1.17013925E+0000   -2.88227636E-0001    3.84184722E-0003    1.96681021E-0001    1.35090979E-0002    1.02427322E-0002    5.95920000E-0003
    71    1.30700000E+0007    9.24300000E+0007    6.85800000E-0001    4.93900000E-0001    1.12269285E+0000   -4.19945058E-0001    3.97189025E-0003    1.91936488E-0001    1.28484345E-0002    7.95945840E-0003    6.09900506E-0003
    72    1.42000000E+0007    8.26100000E+0007    6.69300000E-0001    4.94200000E-0001    1.06866871E+0000   -8.00815984E-0001    4.88555873E-0003    1.79597732E-0001    1.42747031E-0002    7.17935003E-0003    6.56332084E-0003
    73    1.56100000E+0007    7.25700000E+0007    6.49500000E-0001    4.94600000E-0001    1.01250434E+0000   -1.29512758E+0000    6.08872444E-0003    1.63524835E-0001    1.60221781E-0002    4.84967196E-0003    7.13530338E-0003
    74    1.73400000E+0007    6.27200000E+0007    6.26700000E-0001    4.94900000E-0001    9.55359680E-0001   -1.82851143E+0000    7.55804014E-0003    1.43850467E-0001    1.73293439E-0002    1.04742129E-0003    7.80795899E-0003
    75    1.94300000E+0007    5.34900000E+0007    6.01400000E-0001    4.95300000E-0001    8.98434688E-0001   -2.38083438E+0000    9.36128986E-0003    1.19396581E-0001    1.89222481E-0002    8.06873066E-0004    8.62839518E-0003
    76    2.19300000E+0007    4.51300000E+0007    5.74300000E-0001    4.95700000E-0001    8.44856907E-0001   -3.10347855E+0000    1.15627172E-0002    8.93147888E-0002    2.19241762E-0002    1.00835674E-0004    9.53037605E-0003
    77    2.48800000E+0007    3.77500000E+0007    5.46300000E-0001    4.96100000E-0001    7.93098892E-0001   -3.61368906E+0000    1.32251674E-0002    6.70844548E-0002    2.13749373E-0002    6.67188651E-0005    1.00493444E-0002
    78    2.83300000E+0007    3.13900000E+0007    5.18100000E-0001    4.96400000E-0001    7.45377967E-0001   -4.17213501E+0000    1.51360206E-0002    4.14139501E-0002    2.10480691E-0002    8.44806047E-0006    1.05987643E-0002
    79    3.23700000E+0007    2.59800000E+0007    4.90400000E-0001    4.96800000E-0001    7.00668057E-0001   -4.63289180E+0000    1.62120222E-0002    2.66686972E-0002    1.87512071E-0002    3.96901955E-0006    1.06677299E-0002
    80    3.70700000E+0007    2.14300000E+0007    4.63500000E-0001    4.97100000E-0001    6.58878956E-0001   -5.03069432E+0000    1.70365115E-0002    1.50279156E-0002    1.58323389E-0002    5.45686728E-0007    1.05832474E-0002
    81    4.25300000E+0007    1.76300000E+0007    4.37700000E-0001    4.97400000E-0001    6.20453922E-0001   -5.38869765E+0000    1.75775906E-0002    6.94710001E-0003    1.19104665E-0002    7.88576956E-0008    1.03697786E-0002
    82    4.88500000E+0007    1.44900000E+0007    4.13100000E-0001    4.97700000E-0001    5.84635370E-0001   -5.62581622E+0000    1.77267553E-0002    4.14793457E-0003    8.68219569E-0003    2.62959576E-0008    9.93722137E-0003
    83    5.61600000E+0007    1.18900000E+0007    3.90000000E-0001    4.97900000E-0001    5.51085535E-0001   -5.84449029E+0000    1.78556468E-0002    1.72926681E-0003    5.59583016E-0003    2.60276107E-0009    9.49171792E-0003
    84    6.46100000E+0007    9.75000000E+0006    3.68200000E-0001    4.98200000E-0001    5.20397495E-0001   -6.03203298E+0000    1.78859699E-0002    8.06816479E-0004    3.48217040E-0003    7.58284903E-0010    8.98736806E-0003
    85    7.43600000E+0007    7.99100000E+0006    3.47800000E-0001    4.98400000E-0001    4.91460301E-0001   -6.19045266E+0000    1.78949855E-0002    3.65403308E-0004    2.17986231E-0003    1.03124845E-0010    8.46702736E-0003
    86    8.55900000E+0007    6.54500000E+0006    3.28700000E-0001    4.98600000E-0001    4.65013844E-0001   -6.34508221E+0000    1.78951534E-0002    1.11984753E-0004    1.12545850E-0003    6.46869001E-0012    7.96335865E-0003
    87    9.85100000E+0007    5.35700000E+0006    3.10900000E-0001    4.98700000E-0001    4.40025048E-0001   -6.47216428E+0000    1.78897397E-0002    6.00944816E-0005    7.04678936E-0004    2.85704323E-0012    7.46422785E-0003
    88    1.13300000E+0008    4.37900000E+0006    2.94200000E-0001    4.98900000E-0001    4.16741659E-0001   -6.61286092E+0000    1.78838916E-0002    1.86777235E-0005    3.64910447E-0004    1.73923232E-0013    6.99247322E-0003
    89    1.30300000E+0008    3.57200000E+0006    2.78600000E-0001    4.99100000E-0001    3.94949313E-0001   -6.75148573E+0000    1.78779727E-0002    6.90289797E-0006    1.89476375E-0004    3.86926852E-0014    6.54120981E-0003
    90    1.49700000E+0008    2.90400000E+0006    2.63900000E-0001    4.99200000E-0001    3.73957066E-0001   -6.87038249E+0000    1.78742734E-0002    2.52989770E-0006    1.03961409E-0004    3.14371690E-0015    6.10834522E-0003
    91    1.71900000E+0008    2.34900000E+0006    2.49900000E-0001    4.99400000E-0001    3.54554965E-0001   -7.00989502E+0000    1.78695227E-0002    4.91386822E-0007    4.20729893E-0005    7.62897600E-0017    5.69629691E-0003
    92    1.97200000E+0008    1.88600000E+0006    2.36500000E-0001    4.99600000E-0001    3.35776514E-0001   -7.14934067E+0000    1.78655310E-0002    2.54434041E-0007    2.48273902E-0005    2.76953209E-0017    5.29743598E-0003
    93    2.26000000E+0008    1.49900000E+0006    2.23700000E-0001    4.99700000E-0001    3.17211974E-0001   -7.27110798E+0000    1.78631167E-0002    4.74471567E-0008    9.85526634E-0006    5.49279045E-0019    4.90853366E-0003
    94    2.59200000E+0008    1.18100000E+0006    2.11300000E-0001    4.99800000E-0001    3.00151927E-0001   -7.39591879E+0000    1.78610300E-0002    1.39471526E-0008    4.15314082E-0006    9.35873135E-0020    4.53483370E-0003
    95    2.97100000E+0008    9.29700000E+0005    1.99100000E-0001    4.99900000E-0001    2.86296609E-0001   -7.52691168E+0000    1.78592481E-0002    3.09390410E-0009    1.76456591E-0006    1.60863568E-0021    4.18846639E-0003
    96    3.40000000E+0008    7.39900000E+0005    1.87000000E-0001    4.99900000E-0001    2.78110970E-0001   -7.64688974E+0000    1.78588302E-0002    2.96611532E-0010    4.85122008E-0007    1.30460729E-0023    3.88134873E-0003
    97    3.87500000E+0008    5.98300000E+0005    1.75100000E-0001    5.00000000E-0001    2.76077286E-0001   -7.81138414E+0000    1.78574074E-0002    5.23536334E-0011    1.46725209E-0007    2.76263114E-0025    3.61695386E-0003
    98    4.38700000E+0008    4.89100000E+0005    1.63700000E-0001    5.00000000E-0001    2.77391453E-0001   -7.92850293E+0000    1.78572871E-0002    7.37839666E-0012    4.62874588E-0008    1.30480648E-0027    3.38212265E-0003
    99    4.92700000E+0008    3.99800000E+0005    1.52800000E-0001    5.00000000E-0001    2.80357695E-0001   -8.13902433E+0000    1.78572120E-0002    3.97468546E-0013    1.08100801E-0008    1.14858341E-0030    3.16234644E-0003
   100    5.49100000E+0008    3.19800000E+0005    1.41800000E-0001    5.00000000E-0001    2.83868617E-0001   -7.97869546E+0000    1.78571709E-0002    1.22599419E-0014    1.08090137E-0009    5.63512774E-0034    2.93523959E-0003
   101    6.09900000E+0008    2.41800000E+0005    1.29100000E-0001    5.00000000E-0001    2.89302190E-0001   -7.77368859E+0000    1.78571519E-0002    2.07212457E-0016    2.38768869E-0011    3.15238857E-0037    2.67402686E-0003
   102    6.46900000E+0008    1.69000000E+0005    1.14400000E-0001    5.00000000E-0001    2.97665484E-0001   -7.61256676E+0000    1.78571452E-0002    1.54737734E-0018    2.96858825E-0013    0.00000000E+0000    2.37316012E-0003
